11812264
11836221
11987162
17145705
19660987
19897548
20298516
20361784
20430828
21291174
21294589
22650976
22798082
23705874
24171431
25182364
25221627
25894361
26100720
26201396
26268340
26384374
26481362
26504143
27083051
27236156
27463328
27490165
27509041
27714493
27730744
28027711
29086197
29396566
29463017
29868550
30088101
30206740
30807146
30856323
31446368
31800237
31998687
32035227
32065095
32164183
32280387
32421318
32462178
32565854
32961130
33027738
33071211
33225594
33568025
33593246
33779173
33799080
33973855
33987166
34015671
34132933
34272637
34274728
34337682
34365938
35007471
35164341
35274672
35292100
35421091
35458710
35462270
35566330
35625572
35652721
35729494
35794723
35918366
36015336
36111763
36232307
36245217
36286452
36307509
36313473
36420558
36445995
36542155
36643181
36652025
36672575
36745438
36838652
36983855
37060274
37066770
37232453
37477254
37552436
37588570
37597410
37610904
37645037
37680266
37895901
37903413
37963584
38075811
38141210
38180829
38233690
38327875
38379294
38457318
38505421
38663562
38717066
38724911
38728335
38730554
38821011
38840248
38995496
39137398
39177142
39219431
