12824393
15688320
15790574
16845090
16939646
17121775
17135185
17674631
17895276
18215330
18315852
18479205
18793422
18999306
19429601
19483092
19505735
19863793
19958497
19962205
19964619
20211274
20521674
20626921
20725521
21209921
21347039
21347088
21347171
21388572
21599929
21619703
21672956
21702939
21738333
22081220
22285560
22536972
22621763
22629329
22748173
22779057
23155465
23267176
23300417
23303300
23304360
23404054
23450378
23479348
23553231
23665300
23686934
23734708
23823389
23937709
24034841
24103152
24155787
24267899
24416086
24499703
24551360
24551369
24755304
25093074
25160340
25214827
25361575
25541585
25561068
25632258
25987827
26019997
26297948
26395080
26609493
26655696
26988001
27069559
27152146
27175909
27259807
27350488
27502585
27570672
27737720
27807751
28265499
28438189
28583809
28592275
28819351
28883194
28969675
29122012
29127041
29351341
29409535
29462669
29636656
29637199
29657560
29725962
29846492
29852316
30012108
30069069
30170591
30400805
30481161
30505251
30658684
30815087
30863181
31077222
31115344
31209793
31307128
31371628
31496918
31772086
31980104
32432324
32548638
32570338
32634873
32760223
32855439
32970930
33186790
33319713
33346828
33367853
33590873
33737205
33761996
33771165
33884053
34026603
34055528
34141464
34249720
34409732
34532119
34707469
34772272
34875851
34920520
35117534
35188477
35262195
35263799
35346107
35377253
35463810
35637432
35707354
35841031
35861678
35878822
35991552
36105106
36120162
36133914
36383605
36824778
36880057
37016683
37017636
37193786
37206025
37400463
37624227
37984548
38017472
38160758
38222337
38300468
38326906
38557678
39031967
39075030
39080729
39110274
39179402
39222110
