17568124
20505274
22080546
22110025
22139929
22140104
22737589
22830599
22908036
23193264
23663246
23698863
23731509
23800085
24112459
24162572
24259429
24344172
24408987
24468684
24473131
24511328
24617963
24707894
24767513
24781444
24793005
24799432
24817095
24821787
24885832
24886088
24898707
24908277
24911121
24912738
24914638
24927543
24929829
24935981
24942065
24947485
24951807
24971628
24972665
24980130
24992200
25000450
25000950
25005802
25007843
25024205
25027790
25028159
25038469
25041483
25042592
25043002
25043023
25047976
25058848
25064656
25100741
25105904
25114261
25115943
25118180
25118601
25119026
25119044
25119473
25123191
25124438
25127212
25128405
25128500
25131640
25133774
25143045
25143824
25144653
25145455
25146293
25151355
25151476
25152353
25156331
25156405
25163406
25164068
25165087
25166307
25170157
25172853
25174708
25186727
25188499
25196593
25197497
25198507
25198709
25208077
25208342
25212861
25216187
25224028
25232139
25232638
25238688
25239900
25244093
25246393
25246554
25254967
25255374
25260786
25267653
25267659
25268858
25273176
25273229
25279917
25283608
25293757
25296686
25307056
25313038
25313078
25326702
25326703
25326778
25329095
25329811
25330172
25336755
25336756
25340344
25343261
25352619
25355242
25357200
25359977
25366381
25368197
25369527
25370335
25370495
25372122
25373421
25378627
25380797
25381241
25388376
25398096
25398862
25398868
25398906
25401762
25402615
25403317
25404293
25405461
25409087
25412009
25412462
25420146
25424998
25425419
25425480
25427406
25428154
25431490
25431491
25435021
25442405
25443311
25450165
25451744
25453091
25455032
25470039
25470994
25472775
25474564
25483805
25485836
25489084
25489854
25490268
25491754
25494202
25501035
25504520
25510865
25510976
25514175
25514682
25516416
25517468
25519486
25523484
25525873
25527547
25535390
25539726
25546409
25547170
25548163
25554792
25557550
25558068
25558071
25563912
25563916
25565328
25575887
25576609
25580852
25580953
25587016
25589608
25595759
25595765
25612848
25619654
25622028
25623424
25628762
25634476
25638647
25641069
25642960
25642983
25652416
25652653
25652654
25653402
25655399
25658828
25660376
25662977
25665006
25665577
25667270
25668033
25673681
25673682
25673752
25675502
25679537
25679978
25686609
25687420
25688566
25690883
25702576
25703686
25706625
25707621
25709556
25710378
25713358
25714718
25716788
25724532
25724964
25727666
25728233
25729643
25730202
25732063
25732064
25733869
25735194
25735402
25736890
25739499
25741698
25743070
25748654
25751731
25757467
25760332
25761751
25762551
25762552
25766736
25774601
25781462
25783854
25788591
25793751
25794146
25798612
25798780
25805726
25807284
25815275
25815766
25818178
25818303
25818858
25819618
25821913
25822411
25824653
25830891
25831521
25831524
25841005
25848750
25848958
25849638
25852163
25853649
25855536
25858418
25862682
25865150
25865809
25877200
25879589
25880915
25881092
25886741
25887922
25888172
25888614
25891935
25892240
25893780
25894012
25900650
25900652
25902143
25902485
25902536
25909486
25911445
25918406
25919614
25938477
25940616
25941374
25945801
25946017
25947176
25950438
25952908
25955554
25956776
25964335
25967904
25968466
25970423
25970595
25970599
25976353
25977371
25981789
25981993
25988236
25990300
25993022
25993603
25994131
25996930
25998656
26000638
26011532
26014613
26014649
26017011
26022253
26023139
26023872
26025559
26026709
26037120
26037535
26040272
26040699
26041819
26044338
26044351
26044981
26046933
26055625
26059759
26061048
26074426
26075903
26076489
26078205
26080427
26083755
26084880
26085592
26086078
26092755
26098837
26100605
26100883
26103000
26109103
26110908
26116072
26119183
26121046
26123849
26130709
26144865
26149573
26150448
26150505
26151450
26151830
26153459
26154283
26154300
26158745
26162747
26164126
26167905
26171931
26174100
26175514
26176923
26185096
26185097
26186461
26189661
26195126
26198692
26198742
26199329
26200922
26201466
26209671
26209677
26214525
26216989
26221022
26226343
26226508
26227816
26231646
26231650
26232412
26241928
26246313
26248298
26249230
26253681
26253962
26254486
26260971
26261310
26263550
26264042
26268193
26268990
26273839
26275394
26275991
26276109
26276630
26278367
26282376
26283343
26286554
26295962
26296675
26296678
26299432
26302375
26306392
26308334
26315624
26318339
26319876
26319882
26320226
26323038
26323602
26324906
26324907
26324928
26325507
26328906
26330512
26330515
26339889
26340334
26341296
26351661
26351665
26355005
26365255
26366710
26368589
26370545
26370559
26371322
26372103
26373455
26374070
26377648
26377836
26380839
26382944
26383154
26385289
26386056
26392080
26392107
26394036
26395152
26397803
26400485
26401016
26407301
26410302
26416581
26419330
26419876
26420172
26420475
26427004
26427005
26428854
26430062
26430127
26438870
26438872
26439494
26440407
26442252
26443021
26445093
26447229
26454013
26454014
26454015
26454017
26460028
26460048
26462237
26464523
26468873
26477832
26478520
26479034
26481219
26483462
26483466
26484168
26484212
26484216
26488727
26488731
26489470
26490347
26490622
26498929
26504517
26509835
26510159
26511010
26512086
26512100
26515720
26517373
26519392
26521698
26527650
26529416
26541610
26549794
26549859
26550823
26553646
26553985
26556609
26560029
26560106
26562418
26566540
26573148
26573226
26573826
26576764
26577377
26578674
26580012
26582495
26584622
26590214
26590215
26593719
26597228
26598683
26599404
26603207
26603914
26604315
26615191
26625708
26632267
26632596
26633631
26637454
26637981
26637982
26638077
26643044
26644562
26645802
26647077
26647180
26656685
26671778
26675214
26675724
26678390
26690782
26697337
26700858
26705259
26713447
26714456
26813893
26814964
26814968
26842059
26858973
26863542
26904716
26909573
26912365
26919036
26958608
26981354
26981367
27152133
27222807
27438291
27453819
27475884
27501190
27595066
27634291
27668185
27812534
27872817
27886462
27896068
27928499
27942457
28066713
28070539
28229046
28239550
28243575
28251419
28289604
28387199
28410921
28560167
28605765
28626638
28627467
28651291
28713559
28721204
28736700
28761813
28770028
28831380
28868052
28888135
28972983
29036542
29123646
29155236
29167815
29188226
29188438
29220466
29232880
29232881
29255779
29270449
29345635
29410443
29410955
29541656
29541659
29659530
29785409
29846381
29876371
29892620
29900229
29900240
29945233
30144646
30166985
30175199
30197923
30225275
30229048
30229061
30229099
30235280
30246092
30298209
30353070
30364580
30364728
30365034
30390404
30395293
30425353
30426053
30427216
30428071
30450395
30512817
30513700
30517748
30537922
30555449
30619184
30656200
30689187
30719568
30740478
30815523
30885620
30938701
30958695
30976634
30993896
31034726
31049371
31117939
31194082
31223636
31231613
31248052
31304205
31319535
31321273
31350858
31359027
31372405
31372445
31386270
31440549
31453289
31485465
31487093
31489347
31516938
31528670
31551084
31595646
31663680
31667281
31667304
31673575
31700124
31702008
31726694
31762643
31763390
31781887
31799343
31832528
31871968
31881839
31909107
31965517
32020836
32025548
32028680
32034442
32123705
32140513
32154350
32170406
32300619
32309524
32368598
32395590
32490093
32512929
32529008
32554590
32566706
32577455
32577459
32599579
32629995
32637481
32637510
32642742
32685638
32728606
32802923
32899506
32904294
32923549
32939371
32939372
32959759
32968009
32997108
33072827
33083506
33116306
33168325
33175170
33180013
33204772
33251304
33274050
33294522
33295278
33303023
33365368
33385022
33426245
33494153
33515237
33537058
33537377
33580675
33598714
33659593
33665273
33737849
33799132
33862292
33937454
33981817
33988890
34021896
34058661
34095374
34095379
34122517
34136593
34150961
34194911
34217485
34230094
34235237
34237655
34244055
34254744
34277902
34307800
34322225
34382101
34418121
34465496
34472225
34485644
34489462
34490760
34581031
34604480
34632012
34632013
34643071
34704426
34708677
34711386
34712757
34721539
34726691
34740700
34761085
34835376
34837788
34845879
34850943
34869809
34894245
34901349
34901351
34904419
34917712
34931668
34977286
35001567
35001568
35007854
35023980
35031913
35082545
35084125
35084127
35125313
35128002
35141371
35163202
35194984
35198665
35237080
35238185
35242906
35242940
35252498
35265836
35291562
35301828
35310818
35330736
35332869
35341027
35349047
35352997
35355457
35355458
35434228
35437971
35456901
35460384
35496495
35503561
35508673
35515993
35538602
35539022
35539029
35572792
35585802
35594644
35599830
35613742
35637890
35643542
35647232
35664653
35669004
35669411
35726584
35726587
35757517
35791614
35796481
35799858
35818355
35831833
35837118
35838034
35838035
35838037
35843722
35864876
35864877
35927394
35951371
35986355
35991697
35993133
36052552
36052561
36098936
36113023
36124792
36140759
36146915
36146916
36164310
36213660
36257823
36257829
36257830
36266925
36317479
36317480
36349358
36360510
36381538
36381559
36419379
36425959
36425980
36425991
36425995
36426054
36533293
36547390
36569535
36569538
36569539
36591378
36624760
36687154
36699416
36710917
36747985
36749068
36758728
36785895
36785896
36785897
36849790
36866625
36866638
36875219
36879457
36894982
36900721
36915638
36931600
36958362
36960186
36964264
36992368
37066092
37068444
37075530
37080576
37089205
37093167
37166797
37221240
37228418
37342245
37365587
37383793
37383816
37416067
37427874
37443403
37464939
37478879
37479781
37479782
37501399
37501729
37551137
37609647
37612192
37634078
37683803
37701715
37721105
37727687
37743884
37759334
37866547
37872006
37879150
37943169
37971299
38004156
38020423
38020430
38030736
38031010
38041519
38059001
38072142
38093854
38095159
38114433
38114436
38115564
38146286
38146295
38146304
38146800
38151287
38154518
38155423
38186742
38226032
38226039
38247179
38247883
38287904
38298602
38312989
38327367
38366816
38375136
38375149
38389266
38389385
38485500
38485503
38485504
38485505
38485506
38485509
38485510
38533114
38537769
38542810
38546725
38550232
38583936
38586145
38586148
38615000
38633817
38665155
38682431
38682434
38698892
38708301
38740133
38760629
38819130
38852742
38894522
38894523
38979227
38993230
38993231
39004862
39016174
39019394
39033293
39047305
39067461
39091587
39100785
39107520
39123054
39145331
39147716
39147719
39234066
39245152
39245651
39245652
