33597522
34716463
34759932
34858473
34879031
34993204
35185928
35283752
35309911
35509079
35563556
35592331
35602598
35710862
35712657
35790930
35800890
35837612
35874788
35899330
35938159
35964468
35979368
36068607
36074806
36157879
36159832
36204889
36221095
36253792
36291687
36341345
36348288
36408112
36469154
36505055
36515985
36544710
36568849
36611841
36618421
36627705
36671463
36698183
36714133
36717883
36726292
36763532
36765369
36772945
36786041
36792015
36835933
36855961
36875448
36895934
36902617
36941583
36982415
36994597
37007589
37025404
37051201
37058121
37063853
37082621
37091857
37091977
37097165
37098551
37105033
37120631
37158921
37188183
37207157
37207221
37213285
37247809
37251380
37369160
37400946
37404304
37404811
37415817
37425911
37435067
37449151
37454125
37475874
37479789
37481739
37497063
37526746
37528306
37529341
37534253
37545222
37547956
37589002
37627276
37628961
37659484
37664173
37664243
37669584
37671160
37675100
37693905
37697474
37733241
37744335
37777674
37792336
37827697
37861558
37866940
37870847
37878007
37932968
37938367
37971684
37974107
38006433
38009667
38011564
38014057
38017206
38043012
38045905
38053160
38053721
38057779
38094618
38150154
38151287
38163006
38173195
38211899
38216927
38238845
38239853
38244949
38256277
38259505
38274045
38274805
38292662
38292868
38293212
38295715
38328307
38348045
38355636
38362682
38389846
38390340
38404059
38410212
38411696
38413848
38428147
38434278
38434389
38435982
38455420
38467692
38481477
38484940
38488684
38501838
38515748
38524599
38526643
38533040
38537669
38550593
38551048
38559150
38562923
38568083
38584256
38590654
38591125
38595234
38596689
38622285
38633247
38648200
38652223
38663915
38665903
38671924
38681071
38688579
38699235
38700434
38707923
38710666
38715600
38718895
38728457
38736889
38746369
38751367
38774448
38791423
38803345
38806553
38806621
38806892
38808722
38817863
38826287
38835051
38853908
38853982
38854033
38854131
38861152
38862440
38887298
38887981
38894657
38903075
38907342
38908855
38913193
38937806
38938448
38938612
38941941
38943472
38945476
38950058
38951896
38952478
38965316
38979325
38982511
39009432
39016438
39027343
39040848
39051127
39056733
39068463
39091928
39098994
39100662
39104175
39126936
39143467
39158018
39161677
39162990
39170612
39177724
39193734
39198614
39206896
39209930
39212757
39224598
39235657
39241251
39245637
39249551
