1418934
1527211
1527212
2199471
2209198
2380278
3280578
7929880
8550732
8789513
9519584
11089337
11089339
12846302
14607160
15053084
15190707
15495845
15733654
15826611
15910160
16045256
16220634
16822648
17017275
17070794
17394580
17822140
18300433
18485493
18588713
19698207
19930340
20334718
20334720
20420744
20467569
20577589
20835374
20846499
21585486
22152307
22420344
23425567
23737000
24363471
25023493
25164804
25419199
25525295
25598577
25702839
25746626
26239970
26788341
28166547
28412593
28424104
28617972
28769856
29345499
29379455
29441027
29575710
30283378
30604987
30618893
30623390
30935433
31017004
31325720
31603401
31896115
31960503
32327928
32793077
33013498
33349953
33456445
33464988
33517856
33986707
33995202
34305728
34688342
34690421
34828765
34914179
35017600
35091361
35170832
35236517
35272517
35326341
35409598
35491939
35814069
36286327
36330682
36702869
36740971
37200113
37372924
37698116
38223206
38259337
38338284
38571529
39098139
39191621
