23463607
23874191
23962656
24234437
24259429
24297550
24667251
24861626
25106482
25212744
25262649
25333069
25385275
25398906
25521334
25542617
25569433
25782689
25812041
25890833
26023681
26191084
26195989
26206375
26221186
26282903
26306278
26456690
26582918
26590259
26615191
26745875
26746457
26767918
26776189
26865835
26872069
26900164
26919060
26919176
26926108
26932475
26980139
27003585
27037489
27050191
27090252
27153395
27153700
27240497
27287925
27294413
27347129
27357948
27507420
27604408
27621404
27647783
27666373
27725664
27795632
27814769
27827379
27866339
27884173
27895760
27896972
27896987
27900367
27906200
28081714
28122645
28132688
28145427
28158543
28166811
28259467
28269903
28290961
28301460
28302154
28326099
28340804
28365738
28379995
28408614
28420223
28427468
28475858
28502612
28503720
28540413
28554332
28569743
28604947
28604959
28611552
28630944
28664506
28704380
28752769
28768485
28769069
28782058
28812016
28812536
28814775
28851476
28851761
28851762
28879700
28882004
28915719
28944232
28968638
28986452
28993866
29036329
29080873
29126202
29165669
29179779
29197136
29215652
29218886
29240077
29247119
29254502
29255295
29334895
29340599
29370821
29420653
29431480
29437798
29455857
29473046
29473246
29486463
29493581
29539190
29559740
29590301
29625023
29648582
29653221
29706350
29707406
29727914
29747023
29762787
29767669
29790234
29795570
29805883
29858586
29862020
29888062
29914287
29914921
29945942
29996917
30026549
30060008
30071302
30095202
30096381
30118150
30129167
30165862
30183354
30214228
30220433
30230623
30238071
30255817
30265692
30275005
30282064
30293992
30311370
30311371
30311373
30311374
30311375
30311378
30311380
30311381
30311383
30311387
30311388
30311389
30311390
30341947
30350213
30352134
30402260
30425093
30466042
30482208
30519505
30531870
30535581
30543514
30576869
30586411
30612635
30619891
30628718
30662450
30665703
30681346
30686509
30689869
30711679
30745271
30831305
30834272
30840781
30840782
30841849
30842500
30851065
30872718
30890586
30897549
30898715
30908064
30930780
30937429
30945686
30967127
30971832
30988732
31008308
31028847
31030433
31053783
31060130
31100584
31106342
31114901
31116477
31119731
31131967
31139954
31161214
31164261
31168775
31170280
31170325
31213501
31214711
31227806
31270503
31275557
31283065
31321490
31346352
31350925
31372596
31386297
31402444
31428572
31433103
31467448
31475990
31482689
31484976
31500242
31511843
31557540
31564432
31566103
31569370
31569399
31606900
31648317
31669336
31677787
31678109
31695094
31696929
31738401
31740390
31748433
31752965
31777943
31779674
31795557
31797629
31799076
31802929
31803232
31808782
31825140
31850066
31870226
31871067
31892343
31892495
31903434
31911673
31916644
31920360
31942019
31942419
31956452
31976142
31979111
31982544
32009526
32034629
32039712
32048431
32058063
32076423
32077105
32085886
32124385
32133030
32138667
32165484
32183147
32227660
32236879
32252761
32284880
32293014
32311294
32316562
32317190
32322420
32331935
32338743
32342295
32343762
32346305
32347949
32360898
32366478
32369272
32383243
32384786
32413184
32419380
32447495
32449591
32468610
32470904
32484936
32486089
32487193
32508008
32518592
32573973
32575372
32629514
32641737
32655615
32660967
32665702
32678846
32692746
32703994
32704450
32734384
32750050
32813700
32815737
32851286
32860726
32866655
32867815
32873932
32884933
32906206
32906215
32917697
32923912
32926138
32926152
32937789
32938008
32948190
32967157
32976206
32982776
32998006
33004005
33004823
33007622
33016649
33021671
33029071
33082561
33083949
33087602
33095870
33096615
33116287
33120466
33121433
33124102
33130023
33139814
33139982
33149276
33151962
33158809
33178487
33179204
33193602
33240314
33245593
33247936
33252176
33253214
33255942
33261099
33281875
33289511
33300982
33303739
33309985
33326653
33326660
33334172
33346704
33354374
33402667
33407425
33408741
33417716
33420945
33428613
33442025
33448284
33452237
33465060
33468175
33468338
33500538
33502607
33510186
33552729
33552952
33553733
33555556
33565189
33586368
33589617
33594163
33606977
33632298
33653259
33665191
33671976
33716212
33717985
33718253
33726816
33743207
33743798
33753912
33761318
33767345
33784504
33805381
33806076
33830315
33831308
33836063
33848288
33848333
33851121
33851512
33864517
33875706
33882917
33884304
33888033
33889793
33909958
33912469
33916893
33932343
33936442
33937409
33968641
33985586
34007001
34012682
34038854
34045478
34050760
34069212
34078906
34097875
34099697
34113001
34113375
34153149
34159315
34170635
34172776
34174894
34177437
34184037
34189818
34196900
34214377
34216016
34221169
34230634
34257392
34272616
34273903
34312044
34313794
34349788
34355501
34356085
34365612
34366829
34383079
34387910
34396882
34401547
34411390
34411772
34413315
34435752
34436362
34447415
34453356
34456966
34462577
34479616
34480478
34514393
34527850
34541447
34546508
34553764
34554397
34559919
34571248
34600492
34615484
34621001
34626584
34659339
34659991
34664660
34680870
34680914
34721031
34726335
34731936
34732400
34734058
34746235
34755185
34758666
34759951
34763692
34768775
34785763
34803699
34805717
34807970
34812998
34813939
34816521
34837432
34890165
34900561
34906036
34906245
34906453
34906500
34921931
34928375
34938415
34946856
34946865
34991727
34997144
35001868
35036922
35043155
35043946
35047139
35050776
35065709
35073311
35076666
35078481
35086560
35087763
35088532
35089416
35098354
35100725
35107211
35108036
35120630
35134457
35143088
35143952
35148171
35150601
35154257
35156024
35165121
35166320
35179219
35180781
35198003
35218577
35221597
35246132
35261335
35265679
35272052
35279121
35282124
35306447
35311657
35325322
35330423
35337356
35347810
35357185
35361824
35364305
35373174
35386187
35419377
35451682
35453737
35477461
35482246
35532184
35535697
35543671
35572515
35583889
35584348
35589387
35639758
35649421
35652205
35685918
35692825
35710439
35712060
35731990
35740625
35743704
35772917
35789182
35801059
35804348
35810433
35814872
35821017
35821062
35842573
35846994
35847480
35861108
35887294
35907265
35932032
35934918
35935366
35938004
35946377
35980168
35985503
36000373
36008001
36009591
36017582
36028839
36035137
36035235
36042188
36042897
36048236
36054329
36063453
36071769
36082562
36082573
36095262
36100423
36111109
36130039
36130085
36134573
36139699
36143288
36171209
36171799
36180924
36188216
36194208
36217948
36229919
36232677
36246175
36253801
36257961
36289281
36300680
36305828
36305854
36322148
36325865
36332611
36333997
36339618
36370100
36372767
36404349
36409343
36469362
36479692
36496179
36513702
36555947
36567323
36575831
36580316
36585005
36598158
36600593
36618447
36619506
36624481
36648309
36650582
36651276
36660125
36669898
36672963
36674574
36681081
36681873
36692132
36711907
36712877
36748152
36759884
36763662
36775011
36778288
36778464
36789265
36789878
36810017
36830724
36843178
36845707
36849394
36854406
36854411
36855133
36873630
36896237
36896423
36905813
36936415
36945502
36948020
36969410
36972929
36972937
36972945
36978159
36993377
37007936
37021041
37025455
37034701
37057674
37070051
37084271
37090536
37094027
37102288
37116140
37123454
37128447
37165203
37173615
37191081
37195341
37212000
37212004
37212005
37212007
37214420
37214792
37214976
37231718
37239332
37248276
37271035
37273678
37280537
37283096
37284795
37287057
37308883
37313193
37315421
37325944
37327320
37340120
37367079
37368390
37378944
37379880
37385809
37386017
37394881
37400896
37401273
37409478
37417625
37424920
37435610
37441486
37441566
37441777
37443081
37459509
37460656
37461096
37461650
37461830
37466950
37484779
37488328
37497165
37498360
37502948
37525035
37535750
37536398
37547722
37548407
37550700
37563329
37572333
37577470
37581535
37600231
37614148
37633279
37635136
37643963
37664050
37688563
37703883
37713444
37718511
37719058
37719708
37725907
37732247
37739193
37745687
37762110
37788593
37790633
37792690
37800450
37804357
37808701
37809401
37810849
37812589
37817532
37821076
37827180
37840311
37860057
37867076
37873118
37876543
37888120
37895222
37895316
37906135
37907381
37917606
37922907
37924258
37933773
37937776
37939728
37944084
37946154
37956218
37961373
37961416
37977948
37980415
37994677
38008287
38012313
38014242
38033687
38040041
38047356
38059438
38069202
38076939
38084291
38087376
38091987
38098088
38100498
38113761
38123999
38132069
38134886
38136947
38137007
38142737
38153325
38165228
38168194
38173955
38178912
38183205
38185709
38185715
38191580
38192023
38195641
38196587
38218330
38234729
38237594
38245859
38255924
38258479
38259623
38281099
38284225
38287404
38289414
38311882
38313820
38326120
38330293
38339094
38344144
38351728
38373162
38384863
38404665
38411969
38418842
38426335
38430701
38433264
38434370
38440907
38450295
38452609
38453143
38457400
38459613
38463519
38464909
38473309
38491417
38506054
38507015
38508412
38508706
38509968
38524651
38536562
38538918
38546524
38558248
38559272
38562617
38562723
38565608
38566307
38575974
38577149
38584274
38585983
38602506
38623065
38632549
38640488
38645134
38645242
38652285
38654521
38655474
38656928
38670396
38671509
38672513
38681799
38702431
38737775
38744964
38746157
38746299
38749504
38764005
38766179
38768635
38773911
38781545
38781976
38793013
38798698
38802398
38808331
38836035
38843470
38849599
38854136
38863777
38873645
38883771
38895336
38898688
38899630
38900223
38913505
38915639
38924380
38927659
38953211
38957812
38960474
38962254
38969833
38970244
38988328
39017860
39026136
39046413
39076172
39085881
39091771
39097281
39112918
39123267
39131487
39134495
39135054
39138116
39142283
39148098
39150614
39162370
39169373
39173626
39184053
39188286
39191897
39192324
39198578
39200206
39202055
39226898
39227781
39243181
39246902
