17898773
17903291
17903299
17903304
17903306
18197199
18541031
18760391
20098672
20378605
20831417
21269473
21540468
21565945
21812969
21849791
21975939
22031444
22073273
22166943
22174311
22318170
22415805
22415847
22449891
22891933
22957492
22971100
23071489
23222663
23304327
23378291
23561843
23757001
23819467
23830898
23926434
23941231
23989082
24058713
24086242
24151499
24170601
24185095
24224654
24270849
24297256
24303228
24303316
24316579
24390345
24390348
24434212
24463507
24482476
24489884
24498017
24503471
24507412
24555826
24562164
24572595
24586730
24642353
24651484
24750073
24766810
24808905
24859339
24859340
24886709
24912164
24970479
24981332
24999842
25017104
25026280
25029976
25038819
25107291
25114261
25116239
25119315
25153467
25157137
25160235
25162809
25168388
25174004
25194279
25213377
25228924
25239644
25240281
25252781
25262651
25268625
25279917
25304867
25305756
25329708
25335557
25343990
25347471
25350643
25363760
25392729
25412400
25421404
25424661
25427982
25431328
25480035
25487149
25487151
25490447
25497547
25512523
25525876
25535378
25542012
25548176
25555482
25560756
25581431
25589632
25658847
25662009
25672852
25685889
25704602
25705881
25707430
25716334
25728682
25744370
25751624
25759024
25774499
25786224
25790293
25791433
25798845
25807284
25807536
25822090
25840117
25848748
25848753
25858255
25873374
25885636
25886572
25887922
25898945
25939062
25941324
25945796
25951326
25954001
25954002
25954003
25973943
25993026
25993632
26005868
26019233
26020539
26025194
26036856
26047157
26053186
26080318
26119815
26257172
26260970
26267224
26283398
26284813
26306392
26323059
26343386
26374288
26379158
26397705
26426422
26466571
26489647
26510299
26517830
26539891
26551667
26551670
26586806
26587832
26608785
26611117
26615191
26626624
26635203
26645048
26781218
26796797
26863142
26926037
26941777
27092555
27153614
27244233
27294413
27350599
27503473
27513348
27613438
27632928
27899644
27920536
28076899
28078312
28210873
28246883
28265786
28269909
28376164
28442247
28554332
28609482
28703134
28794857
28848321
28870239
28905132
28974199
28983843
29147756
29186302
29265413
29378630
29590301
29593342
29615030
29618007
29703166
29704323
29733732
29743610
29850473
29923028
29977600
30012220
30089514
30182357
30183645
30210606
30217226
30341396
30407529
30442082
30577746
30649168
30782936
30815101
30860482
31047394
31106970
31119570
31148553
31151998
31212010
31250797
31343404
31437626
31487037
31504194
31549960
31583758
31606007
31616062
31660846
31746734
31802145
31829938
31882953
32016567
32057296
32122464
32216874
32553107
32662421
32671597
32764205
32928877
33034243
33096475
33108691
33112234
33135549
33171725
33239395
33436913
33452914
33475085
33558008
33568819
33860000
33959565
34003914
34038028
34132781
34142656
34153790
34467851
34508597
34609279
34741098
34788792
34812139
35029144
35166671
35188103
35315770
35416774
35438146
35470798
35475145
35506651
35695373
35796428
35896971
36035865
36050327
36095221
36148981
36214451
36370100
36424660
36475543
36629315
36692000
36778584
36803935
36835433
36869285
36939530
36961501
37042641
37171501
37181330
37227256
37587903
37669321
37719151
38108593
38277211
38334359
38427354
38529491
38546191
38603902
38648100
38807485
38863077
38967666
39023476
39051990
39148597
