10447503
10547843
10592169
10592272
10592274
10612825
10902212
11112343
11125038
11125122
11156626
11279516
11393533
11558904
11586306
11589220
11668631
11721887
11752242
11774221
11774222
11875032
11916005
11959142
12083394
12111378
12131758
12181638
12203988
12223046
12361089
12376738
12396377
12519941
12519963
12560875
12573264
12652300
12662927
12691993
12730718
12778444
12786995
12909356
12920609
14532327
14596641
14681353
14681363
14681472
14681474
14684433
14685824
14695526
14727153
14764571
15005807
15042431
15098000
15120748
15130800
15146457
15150696
15241800
15331563
15333455
15336912
15446388
15489330
15494741
15523071
15527791
15558714
15598216
15608222
15608264
15643605
15643609
15676075
15680511
15690107
15703761
15714255
15725393
15774022
15776446
15784467
15784611
15797949
15824891
15827081
15878916
15895258
15895287
15939065
15949655
15980479
15980518
15980520
15980532
16002116
16078082
16100382
16109524
16131712
16214932
16237646
16251470
16264183
16270629
16284384
16323966
16340170
16362527
16381840
16381944
16397004
16418238
16429399
16452787
16456778
16459459
16495780
16500998
16503968
16504056
16540175
16550411
16552513
16574089
16574322
16584319
16595072
16596167
16706918
16779267
16781088
16831288
16845090
16845091
16876983
16882651
16902084
16934433
16964207
16973784
17016624
17055652
17059604
17117180
17142238
17151077
17167412
17170002
17173513
17190851
17220211
17235629
17264403
17299513
17335470
17355504
17355643
17363416
17364813
17393847
17401150
17409042
17412799
17426694
17430567
17431880
17463019
17476109
17488105
17531380
17537812
17537826
17584784
17598645
17602759
17603240
17608938
17618444
17636481
17663786
17697334
17707382
17827212
17852344
17879022
17889958
17897597
17921498
17991615
18006570
18025704
18032438
18034996
18045790
18052545
18053149
18076363
18085997
18172929
18193213
18208403
18251998
18280041
18299956
18315851
18356244
18397526
18473352
18510738
18560118
18563784
18628874
18689832
18712731
18794863
18795114
18796476
18841244
18852891
18853286
18940862
18953038
18957849
18974781
18976158
18987735
19016593
19030899
19073702
19076691
19082655
19091018
19098027
19105187
19130090
19161616
19167531
19191320
19238236
19318546
19337797
19344481
19378151
19379518
19383304
19397516
19397556
19406917
19420381
19429184
19446447
19470904
19480636
19500380
19502133
19514837
19523221
19525355
19581920
19609587
19628508
19638418
19644062
19647708
19650845
19660108
19675668
19680556
19684856
19702528
19734193
19744961
19758469
19758470
19778566
19797393
19823874
19852779
19877174
19889566
19910364
19917125
20024941
20052754
20106949
20126413
20131910
20367485
20391336
20398283
20402822
20426150
20433229
20433709
20457100
20534127
20536014
20565774
20601685
20605480
20625407
20629670
20634204
20664232
20670087
20671203
20672376
20719861
20732682
20736995
20804942
21037260
21062213
21097890
21125265
21154707
21159188
21178390
21247474
21258063
21278187
21287737
21291902
21389108
21400687
21412954
21520241
21549343
21653522
21677697
21681421
21714929
21717869
21718614
21731731
21731755
21735268
21820496
21911476
21918632
21948748
21982513
21992066
22021688
22039151
22086951
22101863
22126492
22133529
22137099
22137173
22140104
22173577
22174790
22210871
22259859
22261837
22311020
22332539
22347400
22369494
22384391
22384920
22405623
22417303
22449396
22449398
22491796
22492558
22514744
22515686
22522538
22530123
22536414
22552817
22553388
22554198
22558535
22564471
22565190
22591347
22594998
22607156
22662162
22675082
22683993
22693211
22703879
22768468
22782511
22824468
22829731
22866542
22874251
22955975
22960267
23019102
23035929
23038745
23053937
23056176
23057594
23065270
23193264
23203880
23211698
23226757
23232804
23244604
23293122
23343000
23378580
23394911
23418190
23426533
23430926
23433959
23447461
23527686
23528250
23554237
23577066
23582645
23596459
23603282
23606107
23613249
23613972
23618375
23631762
23644136
23662429
23700467
23763549
23766104
23773993
23819467
23819846
23828039
23828613
23842039
23842845
23850727
23856131
23871732
23874191
23875061
23893136
23893859
23935067
23978612
23982876
23985264
24009674
24019627
24060611
24065236
24155962
24175627
24214964
24218123
24227891
24234437
24237904
24242919
24250114
24251403
24252905
24254311
24259429
24264314
24271940
24273577
24280389
24320210
24356117
24370779
24376681
24378235
24379141
24434351
24462758
24465974
24467687
24495762
24498303
24517501
24567965
24594938
24616153
24629096
24632671
24641375
24651862
24673173
24678886
24681403
24700052
24716474
24735542
24750828
24769191
24770584
24784959
24809327
24810268
24810850
24819173
24874280
24878201
24886216
24921256
24923570
24960282
24960640
24977710
24980697
25023647
25058848
25073316
25101955
25105228
25183037
25194160
25198130
25217544
25228593
25242383
25245565
25247238
25250560
25256751
25262649
25304225
25304812
25361936
25367853
25376457
25385275
25398906
25404132
25405348
25407965
25421747
25434007
25466818
25480036
25495881
25500235
25504520
25521664
25523184
25550898
25575677
25591076
25606387
25606441
25612476
25621459
25643055
25665008
25679214
25694554
25737238
25738604
25739019
25741140
25745440
25763762
25778948
25784583
25788626
25789620
25808509
25821781
25824785
25871839
25900089
25905080
25928698
25931164
25977816
25994933
26004231
26007152
26016888
26127002
26147802
26160076
26161028
26173036
26181055
26196677
26197946
26214305
26228432
26229585
26232110
26236721
26277102
26290467
26296457
26320893
26321508
26340537
26345790
26352687
26357041
26397140
26449438
26502337
26513874
26526070
26529631
26536110
26544806
26581429
26585827
26604660
26615191
26625971
26640477
26641033
26645365
26658352
26659599
26662430
26667837
26674224
26726304
26820844
26824843
26853558
26867756
26880065
26900164
26900293
26925373
27009626
27035118
27049301
27070114
27077040
27121161
27152669
27153707
27160989
27208204
27217716
27220827
27240497
27246973
27256315
27284701
27288501
27294143
27294265
27326458
27390651
27402678
27430689
27486223
27496670
27516201
27535653
27537549
27551971
27557340
27577208
27587672
27726640
27749096
27766139
27785359
27785597
27799474
27810480
27829782
27840822
27848044
27863482
27874022
27882129
27883225
27903894
27928499
27933521
27983536
27988889
27999540
28008682
28035032
28038983
28056804
28067407
28068558
28145583
28171541
28196478
28245596
28259467
28275476
28323836
28339086
28379995
28388287
28397225
28427323
28431039
28442506
28452122
28458651
28473773
28498350
28520340
28521875
28530466
28559539
28568840
28597365
28622062
28654727
28716134
28803404
28827396
28829625
28905013
28968638
28968746
29035424
29036298
29039585
29047041
29074871
29119105
29121990
29124021
29134700
29140456
29191167
29221149
29226631
29229304
29255383
29325022
29376577
29376733
29388391
29463208
29486434
29511529
29511670
29520635
29551496
29559740
29575524
29590294
29652514
29658329
29673316
29692759
29700553
29747023
29761469
29862020
29925311
29926385
29930383
29930474
29947570
29953964
29979396
29986644
30000015
30006057
30030622
30053238
30072699
30073996
30083469
30143482
30186825
30198223
30204152
30311374
30370787
30395293
30418626
30452289
30468784
30483616
30504558
30504913
30545124
30558461
30577811
30598092
30647681
30669152
30710628
30768627
30831305
30835353
30864322
30873204
30875344
30928350
31069070
31078656
31103801
31127692
31147739
31168775
31184621
31188924
31196701
31198450
31204011
31231761
31236417
31272062
31275557
31278556
31286540
31309012
31343683
31345222
31347171
31387115
31435243
31477308
31482689
31566103
31583691
31602479
31689201
31715674
31738401
31768259
31787810
31797632
31821609
31842058
31857253
31867804
31871931
31892812
31911611
31924160
31976142
31983284
32033288
32085885
32106815
32108478
32145682
32165209
32180681
32224448
32236879
32276000
32316562
32322428
32344004
32360898
32403196
32410502
32447495
32478413
32479654
32482922
32487193
32538738
32629514
32666699
32693129
32704157
32754195
32781046
32823520
32827758
32867672
32895427
32902299
32925069
32983825
32986351
32986729
33033648
33083011
33089758
33095870
33113755
33114113
33139982
33196844
33246355
33251883
33343614
33343616
33358455
33374967
33443672
33448284
33543123
33555556
33620149
33648520
33677828
33710328
33712038
33831955
33865170
33912394
33996353
34001600
34026292
34081565
34092963
34162950
34217594
34272616
34289159
34349788
34350716
34386299
34394238
34394296
34513772
34548083
34589676
34605219
34636138
34680914
34691145
34708937
34717758
34718739
34719949
34729759
34734058
34735543
34746235
34782917
34827731
34839512
34847989
34850941
34853389
34869353
34917776
35008554
35050787
35148171
35220405
35232444
35286517
35328834
35341056
35383051
35386434
35397682
35437241
35446421
35456375
35585918
35611983
35615018
35618720
35651675
35769955
35784409
35857928
35984530
36000373
36046230
36071769
36139147
36158348
36184093
36289533
36305828
36344599
36472302
36518267
36552944
36556234
36573383
36578839
36585005
36591702
36594541
36605468
36672763
36686473
36703207
36763662
36775045
36779961
36834605
36835647
36835943
36843178
36927562
36972929
36972934
36991503
36995110
37084971
37094027
37102288
37107695
37116140
37150076
37180836
37200850
37212004
37214420
37231718
37274027
37363721
37387418
37441566
37466302
37525035
37596508
37597348
37643323
37643963
37719708
37736884
37761905
37763211
37817532
37895026
37933433
37954635
37989431
37994677
38069202
38178912
38283900
38313820
38339094
38370381
38406824
38476782
38489015
38522119
38550250
38577149
38609394
38653961
38737775
38757624
38773180
38802693
38847705
38850150
38858637
38886537
38940971
38994097
39167281
39192052
39201429
39240276
