7925011
7937045
8578603
8594600
8878682
9016506
9045212
9150928
9399806
9399807
9441952
9847148
9847149
10880746
10900460
10900461
11465064
11483584
11752267
11985896
12213773
12470668
12519974
12520013
12537571
12537572
12646179
12695322
12804582
12855478
12952880
14614147
14668218
14681446
14745013
15239934
15374875
15489324
15542014
15581431
15608223
15733676
15759617
15790965
15797906
15805494
16339363
16381917
16779400
17094226
17094231
17099233
17237053
17254302
17534437
17614896
17646315
17658945
17990496
17994088
18000002
18160408
18211821
18410678
18545694
18641940
18801173
18820435
18836310
18840285
18948289
18956321
19052953
19182544
19210778
19211674
19393099
19401399
19458021
19668382
19838331
19884132
20382263
20496590
20507581
20580706
20624714
20659325
21177959
21366916
21595960
21718515
21843505
21976423
22127867
22280404
22326070
22412948
22537296
22554788
22610097
23056304
23125371
23160412
23180791
23203989
24138933
24139062
24234449
24392033
24653003
24715220
24934636
24941002
25070993
25072930
25147557
25157073
25310450
25339624
25348373
25398896
25549104
25707592
26109356
26109357
26405458
26467478
26761199
26855675
26935103
27054079
27226167
27317776
27494710
27730573
27799470
27930807
28502612
28601440
28663344
29061318
29069517
29440116
29659604
29707694
29761468
29761469
29848623
30006413
30191691
30249684
30364959
30626175
30689844
30707359
30715275
31387856
31530634
31933406
31960022
32559296
33219682
33274328
33396976
33528599
33543012
33815151
33859668
34189422
34394179
34552512
34697638
35135533
35266522
35380658
35789696
35980571
36293549
36643636
36689407
37004638
37014762
37041188
37645956
37812647
37981656
37992296
38230566
38301657
38416577
38741935
39056774
39100195
