28600341
28766230
28767374
28830450
28925507
28983483
29049295
29092930
29272348
29468160
29509844
29978611
29991478
30071066
30194079
30272052
30317582
30333003
30362566
30561551
30610803
30642292
30746893
30786880
30803369
30835723
31002564
31018945
31062529
31134446
31263868
31344359
31353684
31379917
31396778
31540260
31596908
31610224
31646556
31708973
31834820
32039005
32098350
32309356
32345668
32434476
32483272
32529991
32550270
32568785
32676328
32742444
32755461
32764205
32816122
32852769
33205130
33344254
33465699
33499863
33513018
33619257
33619384
33668566
33821961
33933781
33995898
34007079
34556802
34568075
34741276
34763400
34784846
34873086
34902136
34925434
34988195
35027024
35266505
35340265
35351978
35370785
35403138
35487029
35897852
35988929
36100891
36184073
36353638
36507076
36513718
36625851
36640012
36685892
36708565
36761423
36803381
36831580
36913744
36930079
36965323
37040583
37140547
37181330
37197539
37214884
37239316
37387182
37540443
37547764
37577321
37627071
37745420
37777989
37942289
38020048
38022697
38034486
38074092
38135347
38143740
38183910
38213888
38269754
38317923
38350894
38466706
38486621
38488507
38659836
38714855
38728288
38826023
38840833
38904676
38928396
38997639
39202397
39240881
39247831
