23715323
24845428
25393678
25809799
25819081
25856669
25953952
25954001
25954002
25954003
26027500
26338512
26477495
26484569
26484571
26503818
26524128
26576671
26581075
26681802
26728569
26856537
27040689
27082954
27095197
27132591
27142790
27153687
27188030
27225307
27259052
27266441
27307612
27467526
27536236
27588449
27640124
27694310
27729424
27758088
27775175
27829232
27847319
28053876
28065896
28069798
28071834
28078311
28106113
28121471
28213955
28230811
28334222
28335735
28376718
28388432
28407218
28424332
28427244
28440896
28458444
28505156
28506205
28580392
28617822
28630682
28635949
28637782
28659708
28669927
28700989
28710439
28850583
28881962
28886448
28902459
28951309
28972577
28974199
28974547
28981576
29021288
29021289
29021290
29022581
29022589
29022597
29036590
29040583
29057876
29058715
29069447
29069589
29073327
29101900
29202200
29204889
29212667
29233176
29298397
29309507
29335598
29378629
29384942
29387238
29394417
29402200
29510096
29515971
29523079
29527222
29535194
29545821
29565794
29568952
29590160
29631102
29637616
29650443
29652618
29664468
29727689
29746160
29766219
29793406
29848177
29870138
29903854
29912442
29915430
29942083
29946530
29954076
29955180
29972863
30021930
30030655
30050560
30054217
30054336
30088171
30096381
30099472
30127527
30142156
30153387
30155276
30177862
30240647
30258932
30266410
30266756
30277515
30280577
30297886
30332676
30335469
30335480
30341592
30349113
30351347
30368905
30387840
30423059
30466445
30475999
30486838
30524468
30546458
30554862
30569111
30604856
30610570
30709929
30742112
30746893
30784661
30785874
30795624
30815677
30816281
30835723
30886771
30895303
30903145
30904360
30917113
30923916
30943406
30944620
30949194
30950127
30971917
30997723
31001318
31016892
31026380
31044242
31059015
31067633
31070303
31092216
31097835
31101764
31103408
31104770
31114913
31127053
31130283
31137630
31140742
31155008
31167757
31228159
31228230
31242935
31244887
31277321
31278367
31279003
31288714
31289544
31296227
31296926
31343654
31387921
31399483
31400192
31402092
31404540
31429796
31435991
31439400
31441739
31442954
31454993
31460782
31485792
31489978
31495490
31498939
31504167
31525193
31539914
31586392
31589315
31597766
31612488
31617652
31619230
31633428
31637571
31642488
31648320
31655611
31669095
31669204
31675340
31676866
31689287
31689297
31694219
31696517
31707051
31718536
31739742
31754101
31773318
31785998
31806877
31814027
31824749
31833048
31834354
31834882
31835584
31841498
31882975
31903983
31911672
31917448
31945786
31967986
31978332
31982380
32011509
32024237
32029502
32050448
32075962
32077223
32084007
32088722
32099410
32116649
32125790
32140464
32143717
32147549
32179489
32180803
32197468
32206740
32207560
32225167
32232009
32235821
32238407
32250161
32257206
32264724
32268515
32299494
32310939
32321923
32322465
32330225
32355738
32356485
32371927
32392191
32395534
32419983
32424349
32427048
32431729
32433756
32441816
32446391
32460841
32461655
32470642
32477412
32489286
32493363
32500151
32524153
32527017
32536819
32539856
32545894
32552056
32561704
32561710
32574393
32579922
32581322
32589925
32606753
32638561
32652930
32664994
32665353
32676340
32681364
32684846
32685059
32695477
32699080
32700329
32705281
32707835
32716214
32718348
32737156
32741803
32751741
32751923
32760221
32764137
32824878
32828070
32833970
32848739
32849808
32849835
32859952
32860050
32871102
32873319
32880830
32903789
32904605
32907841
32912314
32912333
32913072
32913074
32913075
32913098
32915667
32917675
32917697
32935119
32939323
32954649
32956919
32985124
33002579
33011827
33038083
33046718
33047898
33050031
33051491
33058866
33062408
33068330
33073064
33079963
33084541
33092545
33094331
33095746
33098413
33101009
33101366
33108902
33110201
33115937
33115953
33117716
33119754
33128317
33133266
33145296
33151298
33173926
33193582
33193718
33194072
33209656
33225964
33239005
33240929
33247676
33253230
33271804
33282565
33282950
33284889
33291061
33303989
33304391
33308024
33311569
33313092
33313175
33324566
33337915
33338084
33342222
33362863
33376527
33384601
33386465
33414811
33434533
33435917
33436679
33441415
33444836
33447056
33450887
33452016
33468710
33476087
33481017
33511023
33513136
33514769
33520701
33523105
33523837
33532126
33537062
33541420
33574088
33575074
33579221
33583074
33592582
33596660
33605556
33606253
33611062
33614625
33631610
33634536
33637690
33647928
33664506
33671067
33675538
33676726
33679809
33707594
33708772
33708829
33717248
33718069
33718103
33725886
33732005
33732641
33742531
33742988
33747912
33747931
33761734
33768416
33777092
33785833
33788813
33805806
33807717
33817323
33819918
33826604
33834509
33837133
33842600
33846800
33858332
33864445
33864768
33867917
33877656
33879726
33882820
33892821
33905671
33909040
33911849
33912561
33914773
33922500
33924498
33934516
33936159
33941686
33942030
33946738
33948626
33959646
33986536
33986862
33987247
33993634
34007798
34008750
34022066
34025649
34026328
34026352
34026613
34030626
34034815
34055889
34061836
34062972
34067766
34071523
34075060
34090418
34099345
34110327
34120621
34122496
34124253
34146104
34154043
34156309
34158040
34179542
34181214
34187403
34195204
34216550
34224794
34229669
34230210
34233576
34233659
34238213
34241534
34252604
34252998
34255863
34262410
34262942
34267826
34279996
34284697
34286847
34290570
34291608
34295352
34295552
34298860
34298996
34305429
34305570
34305920
34306201
34309093
34313248
34316681
34317694
34320993
34349785
34358932
34368650
34395525
34404248
34407056
34408473
34431242
34432052
34439872
34445837
34446007
34446762
34452885
34454032
34485153
34488391
34492340
34497769
34513835
34520569
34522444
34527020
34532569
34539183
34539785
34545566
34548535
34550868
34552618
34558641
34559579
34565373
34567062
34568004
34568067
34572044
34576068
34587439
34588807
34594130
34603374
34603451
34612013
34630514
34631699
34631703
34644572
34651315
34659427
34660294
34668023
34671679
34675941
34687756
34691034
34691250
34702277
34704651
34726347
34732773
34733320
34733885
34733933
34734011
34738015
34741638
34744452
34745134
34751382
34751670
34755462
34758883
34762107
34776862
34777587
34777634
34787061
34789196
34790235
34795387
34797282
34802389
34804021
34804111
34805976
34809598
34815699
34816740
34819946
34840672
34855841
34868232
34869449
34872002
34880956
34882921
34890163
34894427
34899842
34902511
34906078
34906173
34913723
34917801
34925434
34925457
34925656
34927666
34930111
34935565
34943540
34956895
34962722
34964205
34966739
34983372
34983929
34988166
34988178
34988211
34990616
34991727
34992448
34995016
35000600
35003370
35008400
35017681
35028320
35029920
35031063
35042454
35047855
35052378
35058967
35064108
35069601
35069733
35070764
35071432
35071438
35072021
35073841
35075611
35082515
35087136
35088080
35093072
35095879
35095893
35100255
35116551
35116714
35117648
35118385
35121770
35127701
35150061
35154122
35154321
35155565
35171450
35171924
35173838
35174076
35175464
35176941
35181301
35189794
35195559
35210811
35210814
35211173
35217314
35218338
35218565
35222533
35237596
35242761
35242855
35264061
35264066
35271646
35272635
35278064
35280380
35280441
35280443
35280807
35280819
35281814
35281830
35282121
35282646
35284049
35286297
35300113
35302191
35308199
35312867
35321516
35336762
35345586
35345673
35346069
35350563
35359418
35360840
35362730
35363406
35370655
35372497
35383530
35391796
35392242
35401558
35403441
35405288
35413221
35414497
35419022
35435763
35438040
35448032
35449547
35462469
35463331
35476365
35477946
35480989
35493303
35493463
35494516
35494789
35497331
35502183
35502302
35506368
35506645
35524556
35545758
35547808
35550532
35557566
35557569
35571050
35571400
35573019
35573727
35592314
35592424
35601492
35605483
35622308
35624283
35627171
35627262
35634956
35635202
35646080
35646114
35649069
35655140
35658846
35663937
35664320
35669261
35670012
35677036
35677427
35681641
35682857
35693941
35694164
35695880
35701829
35709760
35718636
35719392
35719952
35720314
35720323
35720327
35733327
35733852
35734437
35735115
35747984
35748773
35748775
35754825
35755810
35764118
35766062
35770303
35771864
35774795
35782736
35788821
35792226
35795204
35798874
35812327
35832625
35836879
35845531
35846429
35860410
35868206
35873456
35873480
35874816
35885589
35892886
35894642
35896732
35898192
35898403
35903362
35910232
35922509
35922531
35935618
35935945
35953587
35955624
35959373
35965557
35967305
35969172
35979347
35982948
35982954
35987940
35991556
35993018
35993051
36003146
36003776
36009075
36016584
36033622
36035184
36037300
36039643
36042179
36043442
36045683
36045754
36046792
36046831
36051096
36051690
36051873
36052236
36052280
36059641
36059698
36060798
36064388
36064705
36069792
36086707
36086718
36090681
36091006
36091946
36092901
36093801
36098211
36105106
36118669
36118865
36119530
36126083
36131352
36155420
36158688
36159813
36159971
36164370
36170113
36177774
36181111
36186420
36191371
36196256
36199146
36202136
36205192
36209092
36210836
36211383
36221383
36225190
36226186
36226187
36226563
36228928
36229930
36230734
36245970
36246603
36246624
36248785
36248892
36255654
36263809
36275893
36276934
36282842
36288358
36292722
36300336
36303815
36311369
36313424
36313454
36313634
36325335
36337840
36338712
36357839
36375657
36380664
36386816
36388050
36399497
36401432
36402776
36405708
36406049
36408178
36416764
36467072
36467461
36479902
36480781
36503519
36505813
36507474
36508192
36510025
36510584
36513738
36518297
36523991
36526331
36531005
36531056
36544093
36545127
36545920
36546737
36547768
36551254
36551589
36555288
36564070
36568373
36568384
36569220
36579327
36583248
36597873
36605188
36605485
36611197
36611863
36618420
36618425
36618798
36621786
36627639
36634573
36637946
36638349
36646987
36650758
36653889
36658279
36660685
36660720
36660721
36672888
36680333
36685472
36685883
36685895
36688005
36694664
36699699
36700467
36705778
36707046
36707993
36709307
36710413
36710419
36712323
36713082
36713930
36720556
36726969
36727065
36730411
36733371
36736488
36737746
36741319
36741734
36742365
36745477
36747161
36759763
36765148
36771351
36772473
36776374
36776557
36777183
36780800
36785673
36789091
36810892
36814558
36814901
36815224
36816951
36816970
36817861
36819495
36819584
36820030
36820147
36825202
36830675
36830695
36836180
36836481
36845017
36845675
36865318
36870580
36871538
36874617
36910651
36911403
36912101
36915596
36915723
36916294
36917367
36923407
36924495
36925967
36930084
36931353
36937875
36939765
36939945
36945408
36945657
36948405
36949060
36949070
36961170
36961395
36964478
36969077
36977197
36977503
36978046
36988307
36993769
36993958
36999060
37004015
37006813
37007153
37009317
37020999
37021520
37022517
37023643
37025405
37027952
37030336
37035741
37037626
37051596
37055418
37056778
37062068
37064125
37064151
37072373
37081987
37090107
37092222
37107649
37109742
37141954
37142848
37143150
37147395
37153540
37153833
37153896
37154702
37164006
37168356
37179118
37180139
37180647
37181234
37189064
37196577
37197424
37197572
37198207
37199628
37205487
37207350
37212487
37213475
37214884
37215497
37223641
37224770
37229449
37231098
37237462
37239116
37239387
37248547
37251370
37256178
37260078
37260513
37268697
37271034
37275863
37275880
37285836
37287706
37292819
37293821
37298307
37304239
37304553
37304867
37306257
37307504
37324001
37325708
37334066
37335337
37337736
37338641
37345491
37362864
37363401
37365659
37369808
37372337
37378701
37386521
37388242
37389063
37393403
37394588
37394881
37398049
37403043
37418505
37425227
37439825
37441678
37450415
37455310
37457292
37457300
37462865
37476180
37482968
37484531
37490719
37497639
37498296
37503151
37511476
37521042
37522749
37522982
37523816
37529611
37543566
37544578
37544888
37546563
37554782
37568084
37569459
37582060
37584713
37588747
37588749
37589506
37601657
37604837
37606102
37606975
37610668
37621707
37632791
37648807
37652395
37653101
37659604
37662416
37662480
37663284
37670965
37675273
37678708
37680718
37682457
37693606
37697245
37699361
37702448
37704909
37708874
37710166
37719147
37744268
37749624
37752538
37752539
37752728
37769026
37769343
37770633
37770925
37771758
37784026
37790409
37795760
37798795
37811868
37816421
37821359
37828440
37833332
37834179
37841254
37848534
37861515
37861728
37868033
37873221
37873299
37875944
37882761
37893139
37900961
37904053
37913680
37916194
37919068
37919072
37920431
37920490
37920532
37921845
37928421
37932473
37932806
37950289
37956339
37957639
37961484
37965456
37969370
37969374
37970371
37981593
37986797
37989822
37995909
37997674
38003522
38014246
38014287
38014648
38030175
38034898
38041690
38045198
38050242
38062989
38069391
38070488
38071912
38075689
38099311
38105291
38107290
38125942
38134053
38135347
38146591
38149287
38151177
38152129
38159261
38160308
38165902
38168258
38170382
38175417
38177344
38186980
38187219
38193002
38200449
38205899
38211410
38221934
38225224
38225887
38234211
38235352
38242438
38245572
38247288
38249925
38252495
38253633
38261568
38261737
38263929
38264292
38267387
38267923
38269108
38279417
38292624
38292838
38293536
38293671
38294056
38296907
38310387
38310395
38312840
38317990
38320554
38329424
38344181
38351729
38356703
38363903
38380524
38397931
38405445
38410217
38410234
38410236
38414509
38420804
38423601
38424484
38425404
38451188
38453442
38464240
38470482
38476239
38482423
38486392
38489667
38490207
38493204
38495206
38496547
38499600
38509907
38516823
38518000
38527290
38530810
38535087
38545484
38547642
38555957
38566143
38566255
38573525
38581008
38581717
38584561
38591780
38593585
38605349
38608099
38613802
38617518
38642129
38654239
38655053
38658471
38663672
38666956
38669947
38670317
38670546
38678604
38687460
38688977
38691253
38698857
38706607
38711039
38715020
38715238
38719867
38721587
38723630
38728250
38728583
38734657
38735581
38737690
38746260
38750588
38759092
38760502
38766598
38774744
38788819
38792614
38797720
38814966
38817665
38819212
38824563
38840241
38841872
38842133
38845861
38851728
38855424
38855425
38857306
38872760
38881877
38881928
38881943
38883368
38886133
38886862
38890718
38891877
38892098
38911373
38914918
38956290
38961981
38967739
38968513
38969199
38973431
38975467
38975894
38979944
38984127
38988558
38989433
39003292
39005266
39013484
39018675
39022053
39022790
39025880
39026781
39030261
39049902
39055892
39068529
39071775
39072167
39074086
39076954
39079539
39081667
39086142
39091583
39092429
39093744
39107837
39107869
39114029
39116105
39118140
39131609
39145047
39145077
39145088
39145097
39152366
39159060
39167956
39170287
39178387
39180332
39181686
39189955
39191137
39193563
39200195
39208654
39211744
39220187
39224268
39243756
39246807
39247595
