20044059
20460173
20839340
22959960
24161793
24791905
24862987
25857935
26112029
27130330
27377652
28057685
28851925
29485622
30304689
30398470
30516029
30594555
30832680
30852461
30977847
31272390
31821170
31921619
32019546
32068352
32214002
32283555
32296685
32310824
32351547
32355728
32375704
32411773
32504750
32600423
32675942
32686362
32707495
32756008
32788867
32793710
32801215
32802850
32843657
32857339
32873319
32879664
32889244
32968155
32973887
32998675
33014010
33014809
33048468
33049494
33063885
33089373
33110201
33128857
33182060
33193571
33195412
33225954
33234738
33245478
33256552
33275591
33292199
33316777
33343640
33407583
33425905
33466167
33509250
33557781
33574499
33594308
33620716
33671013
33680920
33688507
33708242
33747902
33761648
33782686
33785008
33789609
33790969
33816550
33819196
33841968
33842318
33847635
33859939
33886668
33936065
33937046
33962640
33968730
33987201
33996273
34017381
34021184
34135424
34143198
34164341
34187413
34198419
34211294
34212052
34238114
34266418
34277610
34291084
34295734
34329197
34349789
34371273
34404901
34421308
34430602
34454610
34490029
34530089
34569303
34612148
34616672
34621744
34627241
34654352
34659201
34675614
34707915
34712062
34724890
34733938
34741430
34746237
34760687
34762509
34765659
34790776
34790782
34790797
34804058
34806485
34876841
34899848
34899849
34900664
34900677
34976004
35013450
35018096
35028126
35031063
35046945
35083132
35087751
35097165
35116551
35116604
35116607
35174205
35186111
35246970
35249477
35251120
35262674
35280459
35281839
35317079
35341274
35370869
35399646
35401707
35418778
35429970
35432485
35434042
35437508
35463082
35464777
35506372
35509837
35571446
35571635
35572595
35573725
35574315
35578596
35603163
35614936
35621244
35646054
35692814
35721151
35722389
35722467
35731466
35769818
35784334
35798291
35804390
35812755
35836515
35837167
35837663
35845512
35847907
35885926
35903097
35936748
35945780
35952496
35957802
35958546
35968275
36034849
36058633
36064366
36077637
36092327
36093548
36115937
36122795
36172369
36186480
36193311
36212153
36224658
36263421
36266291
36266384
36266609
36304495
36316475
36316476
36341345
36353638
36401256
36406134
36419120
36456584
36465455
36467505
36468006
36518627
36524001
36532037
36532065
36555200
36567723
36618780
36633827
36643579
36660246
36660659
36671475
36691896
36699091
36704358
36722270
36728032
36733486
36793597
36802116
36816023
36817485
36875119
36890467
36959615
36959799
37035749
37122694
37127580
37180100
37232821
37274228
37305390
37312900
37315507
37325483
37327781
37352032
37361541
37405226
37438709
37483596
37484396
37497233
37499902
37534013
37560246
37579716
37592311
37603701
37650393
37653791
37700485
37731513
37746940
37762031
37774907
37779238
37919459
37929674
37965330
37969383
37980541
38010448
38027143
38033847
38034382
38081609
38099311
38117365
38140871
38159970
38172101
38217549
38262564
38263783
38275602
38321374
38332455
38334792
38357948
38370241
38463866
38489725
38501437
38509876
38560168
38577455
38696324
38697251
38705811
38718950
38742936
38774083
38799203
38806963
38816548
38900395
38903815
38912457
38977948
38995420
39067546
39071637
39079197
39164324
39187837
39197889
39213256
39217342
