22415892
22422677
22566555
22648779
22872090
22876197
22940749
22991088
22996130
23195311
23519032
23519034
23620107
23673683
23855728
24062445
24194600
24197666
24346171
24372541
24386367
24552652
24740057
24792749
24795431
24850858
25256713
25414328
25825651
25849460
25862663
25992600
26092691
26147094
26178246
26206923
26314589
26432886
26512121
26563511
26865945
26876963
27150100
27262858
27496052
27535945
27626380
27734387
27742664
28650483
28650954
28928942
29026089
29144450
29287915
29348434
29483647
29508144
29717274
29925370
29982136
30100824
30375401
30476141
30588515
30854487
31064765
31107948
31121816
31127358
31371754
31444567
31591642
31929527
31949211
31986132
32005800
32117046
32326617
32399198
33096238
33378393
33413033
33574040
33833456
34050187
34134783
34467232
34482437
34483672
34524473
34532411
34532769
34698892
34868271
35138443
35413171
35461561
35552317
35677577
35834677
35944064
36229886
36305825
36340025
36350656
36456625
36509767
36595063
36702824
36737727
36802342
36825469
36833221
37154937
37160609
37294348
37326672
37565237
37581698
37628590
37955774
38179140
38405938
38822427
38857973
38881316
38956430
39132094
39163546
39191873
