1387465
2196317
7574320
8346775
9091137
9777510
10484996
10485004
10664999
10711735
10767955
11464789
11552818
11559626
11584122
11642657
11671284
11938508
12058496
12151572
12647712
12871685
15358842
15497734
16100062
16258740
16552378
16621221
16648095
17201832
17507753
17574356
18190602
18322650
18373539
19352372
19840391
20347904
21405789
21854013
22239783
22256667
22876734
22958233
23259810
23396599
23736899
23788527
23986566
24065145
24339888
24374317
24518066
24631218
24655548
24906883
24912033
24950094
25036040
25093074
25100688
25204490
25324859
25499744
25609570
25748668
25791431
25814555
25824339
25834907
25971742
26048415
26107959
26210147
26256069
26256211
26297300
26306988
26337061
26399630
26535158
26619985
26711243
26764951
26817480
26848405
26873929
26894958
26902774
27009580
27036028
27106289
27124452
27135972
27141961
27143038
27153606
27153732
27187605
27200455
27374120
27405981
27526204
27530814
27583132
27643732
27650546
27667448
27690270
27743867
27775378
27796074
27820799
27905419
27925668
28005393
28011204
28038940
28053048
28066174
28069634
28069687
28071740
28125396
28178176
28196440
28208023
28249256
28341145
28399789
28413689
28472897
28473307
28501646
28558729
28591115
28611197
28620042
28628199
28628201
28686599
28750623
28769090
28780257
28931638
28939861
28968640
28973463
28994825
29017547
29021125
29065900
29084964
29102373
29112189
29116112
29122012
29140462
29165314
29195078
29199020
29217462
29251283
29315580
29322918
29322930
29375370
29376050
29378492
29420694
29447108
29482641
29485625
29497781
29509940
29558515
29567358
29568059
29588458
29615902
29633905
29636450
29655704
29660300
29660499
29663862
29745839
29789295
29800326
29886111
29917015
29934908
29950002
29966381
29982063
30011038
30011266
30018738
30141351
30157183
30169739
30174755
30184045
30255785
30297806
30338483
30447998
30518843
30519948
30532693
30547437
30552330
30553197
30562343
30594974
30595537
30629124
30657687
30658437
30733524
30737086
30740193
30804389
30848467
30848468
30859176
30930164
30956147
30990190
31007884
31106784
31110304
31127155
31216980
31234318
31258549
31264964
31302153
31382356
31396486
31438848
31504186
31552418
31562405
31609204
31617459
31647521
31667847
31671916
31675339
31684108
31684178
31701147
31817577
31820695
31857493
31864963
31888299
31949481
31961323
31969334
32003771
32013932
32156561
32184722
32243271
32282872
32291351
32353383
32362822
32368696
32464404
32469073
32546251
32546661
32687952
32702077
32702729
32753665
32755894
32764035
32809918
32838343
32886093
32908802
32912543
32977582
33006799
33067313
33074331
33109034
33182598
33238376
33247931
33299905
33330410
33407085
33419241
33444316
33497424
33504008
33577785
33627767
33641239
33692771
33693953
33712615
33731758
33737920
33763518
33787872
33801334
33845869
33922083
33934548
33942027
33967751
33973447
34013329
34101192
34116627
34203763
34210294
34211468
34227219
34258047
34276808
34353329
34398598
34410268
34429474
34440089
34440942
34531645
34557161
34597657
34657375
34665747
34681172
34731480
34777628
34785660
34803403
34813998
34827410
34877817
34964466
34995191
35008391
35021991
35036921
35041152
35052036
35058449
35072570
35110627
35118385
35131384
35158912
35183110
35185343
35191375
35240525
35246223
35251751
35364482
35417037
35445533
35452801
35453102
35524556
35547971
35597936
35603567
35659512
35666246
35673153
35673154
35684626
35729113
35736460
35737447
35757681
35792980
35809412
35834389
35876555
35897658
35903421
35945222
35947290
35994781
36077860
36100864
36100892
36123349
36181245
36182102
36207580
36233691
36240322
36287948
36291180
36312878
36358991
36424034
36467029
36556450
36631473
36647008
36674506
36674696
36674738
36699415
36725340
36736439
36749471
36765040
36772370
36795645
36800179
36863607
36899716
36943579
36976119
37035327
37047552
37072452
37072707
37101154
37112214
37123108
37146029
37170630
37201345
37208153
37213393
37217845
37240591
37348299
37427267
37456868
37460938
37461485
37542042
37577650
37752578
37756271
37771373
37788541
37796695
37819880
37846218
37850387
37952162
37953774
37961694
38202307
38269333
38274165
38308243
38396979
38410507
38446713
38454151
38464019
38487462
38490778
38510419
38523792
38528462
38566381
38589404
38619743
38643597
38668596
38701411
38736322
38760692
38790243
38799567
38800649
38940127
38941727
38942544
38966801
39102773
39195643
39202702
39213324
39213358
39224558
