8130546
9045213
9399817
9847152
10330119
10592196
10592197
10900458
10952889
11125059
11125060
11374909
11483584
11888882
12015300
12117821
12183370
12466303
12620126
12638130
12819145
12819148
12819150
14681461
14681482
15162510
15459106
15608240
15707487
15961450
16564748
16683026
16722582
16887000
16951416
17061921
17130151
17135195
17238769
17267433
17474068
18077586
18428715
19274630
19682380
19728285
19864252
20003482
20052305
20157492
20181744
20632206
20841896
21051359
21062809
21072174
21208450
21245417
21397722
21633941
21864367
22326070
22434831
22434834
22847375
22961259
23110975
23123364
23195312
23881287
23895341
23935057
24163257
24444128
25052702
25348409
25495798
25562316
25825651
25888699
25937883
25939429
25953081
26045019
26047590
26084703
26092688
26092691
26094768
26162703
26223881
26238262
26373861
26453491
26500249
26742958
26809925
26911675
27061206
27098205
27263491
27483498
27535533
27899677
27930808
27933520
28247551
28365740
28589392
28688561
28712061
28838066
29126148
29440116
29475039
29695735
29761459
29800303
29896534
29973780
30061166
30093551
30335138
30715275
30782214
31125047
31207231
31727022
31802010
32042159
32290105
32294192
32368696
32461596
32602275
32719386
32875947
33104772
33367505
33418206
33564398
33811463
34389871
34482425
34561680
34605899
34698891
34755882
35380657
35401693
35735230
35857265
35973123
36155055
36169246
36180920
37073503
37118964
37453057
37468646
37579192
37643078
37702059
37953304
38179140
38531069
38553251
38956430
39051201
39163546
