39024720
39173101
39054014
38888142
38803218
39189687
38441951
39166851
39160467
39141609
38958543
38949538
39195563
38216151
39018014
38974877
39185475
38980643
38859733
38767214
38553838
38423160
38336168
39013750
38940180
38922667
38896163
38915636
38855650
38842328
38798082
38717046
38471417
38296755
38827074
38703035
38780681
39137265
38710950
38574399
38425303
38109240
37944004
38332549
38641585
38639110
38685908
38623386
38602221
38460116
38425134
38374692
37571992
37088582
38612729
38520489
38345347
38549634
38549626
38559129
38053483
38032370
35331359
38418871
38510209
38244198
38390561
38355706
38302557
38244935
37830443
37366070
38243325
38313558
38239329
38312309
38040087
39148927
38995786
38943387
38721926
38517788
38374738
38374737
38230729
38194584
37738515
37667412
37592813
37057867
37052173
37966908
38143778
37386779
38034852
37926851
37695629
37194465
37104247
37095709
37023289
34554020
38001936
36881929
36533453
37905044
37757638
37818228
37799322
37794477
37786862
36308307
37770490
37808872
37646016
37700353
37707812
37719893
37414536
37356069
37350284
37528055
37585365
37580727
37568209
37542312
36840724
36840665
36749884
36154934
37491248
37503074
37075804
37489360
36648159
37387135
37287650
37044210
36722399
36627201
36394443
35925737
37163090
37265598
37168087
36947583
37107675
36572715
35699222
37048547
37025965
36941645
36911358
36879340
36874594
36124357
36062452
38487620
36798248
36378462
36778453
36711767
36458951
36577280
36628434
36688173
37718812
37245492
37038809
36970907
36946457
36946449
36847012
36710669
36617779
36530083
36502330
36102601
36097795
36620766
36564192
36544988
36514440
36506252
35970678
35894783
35218291
35213795
35142102
34842012
36466956
36506564
36416227
36419636
36264254
36363543
35641401
35562259
35103400
34958617
36273008
36253382
36291299
36047339
35863150
36139002
36113992
36118969
35797594
35640459
35513767
34415217
35982477
34854531
35483895
35923551
35604656
35531707
35380552
34378450
34114509
35768831
35444054
33543638
35351783
35314499
35592692
35702161
35354581
35121671
35317432
35350557
35350552
35611001
35128731
34852950
34412935
35229022
35169610
35155734
35141391
34499580
34218735
36281672
36031904
36031892
35841241
35491778
35253760
35213374
35180118
35041557
35034898
34966023
34605039
33095080
35005207
34955813
34934799
34971042
34742101
34431074
34426940
34482052
34597386
34764172
34796262
34803657
34342395
34550726
34526147
34517889
34488848
34479635
34559230
33655681
33455858
32303140
33563809
31424275
33903194
33704823
34054681
33771840
33722993
33615673
33046162
31287337
32959064
33449993
33215852
31364385
33715635
33589841
32977734
33665340
33614893
33573702
33420706
33278686
33188132
33485373
33075562
33436059
33681711
34569956
34420967
34250941
34219723
34186536
34092638
34092630
34057090
33967045
33935088
33749649
33646154
33579835
33427736
33285640
33247623
33074286
33009036
32925200
32919799
32869375
32389747
31948505
32803865
31747852
33283037
33148816
32797255
33121534
33088897
32710607
33112398
32749525
32488295
32759190
32338945
31840539
32952988
32936925
32656921
32281159
33543127
32699817
32904673
32191055
31934880
31619118
32400973
32357201
32332103
32078209
32234546
32186726
32017008
31964443
32304374
32218065
32067357
32043803
31845964
32211501
31942622
31544552
31951629
33583381
33459235
33164933
33016904
32986674
32804137
32337508
32065793
31929164
31633556
31921970
31818331
32025648
31601516
31517022
31799369
31797769
31343234
31318090
31567302
31402324
31417202
31248465
30535620
31320469
31417957
30910421
31351489
31209118
30710118
30864178
30852157
30503703
30655032
30633043
30820047
30715383
29319430
30689776
30160576
30633773
31466060
31306127
31127776
30958359
30909219
30567576
30359892
30314940
29779432
29077487
30549490
30462667
30505927
30285877
31367164
30376508
29667565
29684111
29859866
30128317
30126555
29960668
29945202
29761569
29860282
29553944
29907747
29809031
29389151
29328926
29319601
28988512
29355828
29415068
29107848
28977531
30412484
30320582
29966195
29865049
29843242
29743729
29614657
29614641
29562509
29357799
29296658
29240561
29227306
29154268
29103040
29061089
28847281
28560728
29203616
28586648
27805724
27796731
28939667
28916532
28891819
28846757
28771679
29067344
28940650
28714976
28576507
28322204
28848333
28455123
28183528
28174071
28005562
27849641
27870939
28236716
28131462
27509183
28323831
28323826
28323681
28114455
28185237
27129917
29188888
28731440
28655133
28462390
28304301
28301848
28103593
27896799
27855547
26738751
27815632
26876501
27516116
27648456
27020605
26359171
27111252
27016691
26756386
27105663
27094726
27089852
27103524
26933942
26485498
26092349
26899835
26868671
26285025
26209222
27642206
27623397
26890778
26890760
26756746
26599050
26485480
26444761
25778476
26320231
26539829
26469250
26366463
26338814
26779306
26488486
26302353
26239176
26220367
25973910
26660076
26389987
26119224
25441056
25985321
25551863
25623662
25533204
25151112
25706306
25589671
25665170
26401777
25531628
25471188
25470345
25061054
25199842
25172201
24656850
25341459
25192053
24418057
25188341
24951474
24797962
24577205
24922517
24582705
24251397
24123357
23871264
24585367
23995817
24754002
24119546
24602256
25530953
24903099
24770881
24481207
24270205
24135712
24126214
24079749
23985417
23822174
24354549
23954027
23643459
23954887
23808899
23649824
23602309
23567401
23567400
23374007
23023095
23645594
23755200
23512996
22786576
23410529
23325909
23948883
23788008
23535782
23481687
22721421
23805025
22717299
22396476
22023096
22312163
22437338
22373159
22759982
21911656
22207646
22078663
22031532
22024618
22086220
21575870
20845402
21461363
22419833
21474933
21471646
21192240
20563821
20592580
20558394
20546368
20418781
20298979
19795154
21882445
20798539
19561441
19805729
19812473
19535994
19328444
18160675
18003939
18239198
18195147
17984455
19595940
17804958
17224578
17132964
16186559
15772103
15699381
15764866
15592144
15316952
14716732