32805036
33469592
33851170
33907758
34085538
34127981
34135013
34255046
34268525
34284037
34334785
34341796
34341798
34399060
34559671
34590684
34637599
34646938
34655550
34806036
34909790
34962505
34982060
35050692
35133437
35191114
35202458
35237737
35286152
35306931
35308947
35323950
35345821
35357487
35426941
35429004
35435957
35503739
35570298
35576963
35589549
35672915
35674237
35758856
35773872
35821984
35836790
35840623
35854720
35893927
35911666
35917481
35982668
36032983
36040721
36093355
36098660
36100301
36175254
36224551
36238713
36315520
36324806
36380762
36380766
36395143
36516563
36565307
36581417
36603014
36641948
36656776
36693555
36711488
36716983
36773498
36778264
36799617
36800930
36810085
36858096
36881541
36893086
37079552
37087110
37105315
37125800
37131278
37131614
37166330
37182697
37205340
37207367
37217471
37218289
37232470
37265224
37289345
37292998
37352338
37372137
37398261
37476995
37539477
37555837
37600074
37672869
37678256
37720242
37741761
37745933
37786247
37803198
37803479
37835106
37871347
37880596
37962153
38042401
38057320
38106125
38196610
38204646
38204718
38215236
38222385
38229902
38249841
38318198
38326668
38343824
38343863
38348959
38379107
38379569
38380394
38512832
38536629
38543923
38567199
38648080
38719138
38814888
38836048
38851761
38857785
38917576
38919767
38924100
38929961
38947087
38953158
38978664
38980969
38992084
39039261
39099263
39146534
39158165
39170877
39181420
39183811
39207804
