16052627
16381952
17101051
17181476
18408245
18440977
18451766
18652504
19210778
20013378
20020744
20077412
20219133
20615486
20923952
21063952
21136733
21468960
21632744
21639908
21721252
22236120
22247067
22290802
22318887
22524279
22543061
22837157
22941959
23215161
23252913
23259914
23462206
23467006
23666733
23811049
24145142
24261998
24328144
24364385
24436130
24597967
24753486
24769191
24804578
24939129
25158685
25977790
26139527
26155816
26193931
26217778
26232110
26279084
26376103
26493587
26541119
26699206
27054153
27487287
27487407
27577934
27595129
27924013
27975224
28166638
28349105
28490445
28722704
28849145
28853897
28902400
28929764
28938075
29039980
29762640
29896482
30088773
30099871
30124047
30175587
30230343
30247883
30280577
30354151
30362765
30505911
31430157
31467500
31592669
31667243
31686107
31773964
32071970
32373688
32478466
32613038
32669955
32869641
32931287
32934277
33172275
33210925
33230158
33304948
33683131
33752330
33757883
33999640
34095372
34319108
34411258
34670092
34672606
34748338
35065075
35418183
35532924
35536554
36318223
36370099
36529941
37333403
37398146
37879112
38014076
38017024
38104260
38232391
38457694
38810119
39101213
