194885
626512
875032
923582
1304348
1357174
1372320
1372979
1409573
1421803
1428525
1438175
1438184
1444476
1474109
1504050
1515108
1549734
1583693
1587614
1613754
1637501
1731873
1742281
1768635
1768642
1777013
1812487
1832670
1864846
1930834
1946337
1953738
1981744
2007589
2010917
2017142
2018754
2023263
2043641
2051484
2058311
2075193
2196375
2204065
2231715
2254919
2259697
2319595
2370664
2441069
2485094
2565575
2644261
2715796
2771934
2771946
2775752
2780544
2819515
3054499
3062381
3069133
3244697
3271488
3382994
3399495
3450370
3534947
3619942
3778917
3814636
3828470
3880343
3954992
6309687
6396088
6533983
6572363
7488093
7500348
7567922
7577842
7578567
7584385
7584420
7584445
7630882
7670382
7680482
7700388
7704656
7723045
7736729
7795532
7824524
7828071
7828073
7849421
7855132
7867645
7869732
7920265
7926692
7937046
7937066
7937067
7944332
7946056
7952898
7957878
7984111
8019422
8019864
8060493
8086428
8090708
8129869
8148470
8234231
8263940
8272423
8298455
8298462
8318164
8318894
8318898
8324626
8338831
8355276
8364064
8381875
8427939
8433968
8448990
8464727
8480362
8485133
8515448
8520477
8520489
8523045
8532673
8532674
8535239
8549811
8563637
8577698
8581425
8592700
8594192
8594579
8594580
8594599
8604144
8625357
8635664
8652792
8652793
8729030
8729880
8742747
8762132
8771179
8789108
8803560
8811732
8811733
8811739
8819972
8841116
8844870
8869633
8872391
8874031
8875820
8876650
8897606
8943034
8950277
8968959
9003433
9007997
9009071
9016541
9016542
9021272
9079372
9116171
9150411
9150930
9185479
9215566
9215570
9220986
9232661
9260276
9260279
9261069
9275160
9278278
9278289
9283290
9283756
9322015
9322039
9322042
9322051
9336450
9336832
9344745
9345262
9367122
9379928
9385633
9390230
9399839
9399862
9399863
9416612
9434146
9439996
9466929
9475987
9485505
9517538
9521098
9537960
9542998
9562553
9571037
9575172
9577228
9626696
9635396
9635775
9642095
9665855
9712877
9725618
9726416
9743635
9751996
9761686
9761849
9767019
9796821
9813166
9826588
9827998
9833317
9834908
9843945
9847191
9847203
9874649
9876918
9878367
10024019
10024457
10047508
10064723
10065705
10072678
10082367
10089388
10089413
10089443
10089483
10089484
10089486
10089494
10089497
10089500
10193195
10195281
10210191
10211817
10216321
10222198
10222412
10229621
10318909
10320400
10328269
10329772
10342761
10373006
10378272
10380197
10384952
10388564
10395086
10417410
10449370
10449714
10469824
10506286
10508150
10508779
10508969
10512700
10548053
10556045
10582574
10584068
10585500
10590095
10591100
10592235
10592237
10595539
10623530
10643965
10653702
10666575
10686110
10705434
10710721
10713988
10713991
10716988
10720478
10739264
10752552
10783391
10786305
10801491
10813817
10813832
10813836
10848957
10860990
10869035
10878855
10902175
10917893
10930824
10930830
10931555
10935203
10944357
10947973
10949164
10961675
10969020
10972814
10980149
10986125
11014592
11015917
11035955
11081407
11083064
11093259
11103999
11104519
11112506
11124960
11124970
11125048
11125090
11125095
11125096
11125097
11126954
11130817
11131965
11149519
11151005
11151011
11152129
11152617
11206052
11206374
11207370
11223515
11223517
11234286
11243825
11243891
11259281
11262955
11273711
11276081
11276090
11285216
11288177
11292353
11301312
11305239
11306059
11309489
11334679
11340654
11340660
11344336
11352589
11381529
11391771
11406578
11425320
11428892
11449565
11455601
11455602
11462792
11469867
11497614
11500966
11502002
11535203
11563336
11566868
11566884
11573342
11573350
11579222
11585827
11601856
11687643
11693565
11694181
11697726
11700049
11709171
11716735
11727313
11735294
11742102
11742106
11742107
11752306
11752308
11752320
11752342
11752351
11765848
11766046
11786026
11790833
11807253
11807947
11816118
11823434
11835482
11836232
11847094
11857737
11862387
11867533
11870860
11909870
11913386
11914363
11925222
11943215
11955020
11955282
11970674
11976508
11980706
11980708
11995341
12001231
12005889
12012345
12012349
12015881
12034432
12034853
12034854
12037327
12037328
12050076
12051848
12069608
12133834
12136164
12169210
12188020
12197071
12198293
12211014
12215415
12215419
12217918
12324426
12354076
12360525
12368099
12376384
12379228
12381310
12386003
12402029
12402360
12402365
12414674
12429500
12437359
12441379
12443870
12460573
12463415
12468712
12486721
12487760
12495440
12519772
12519985
12520029
12520049
12520052
12520053
12520059
12520060
12520063
12527203
12528460
12538888
12547802
12574859
12577262
12579581
12581874
12592011
12602956
12605601
12606043
12611811
12614621
12617685
12631267
12631281
12634058
12647387
12653503
12657723
12662358
12669775
12672236
12678780
12682015
12689348
12691751
12696056
12729079
12733986
12761072
12764601
12766409
12769720
12771208
12777764
12784218
12798390
12804758
12818201
12824315
12824316
12824317
12824318
12824321
12824323
12824324
12824326
12824333
12825931
12835274
12850146
12855466
12874373
12904055
12910456
12912846
12915724
12930962
12930986
12943503
12946365
12948498
12969196
12972353
13679162
14502471
14514716
14522015
14525985
14557261
14563209
14573856
14579358
14583198
14607122
14612552
14624536
14631069
14634627
14636603
14643203
14649288
14660638
14668246
14675549
14681373
14681375
14681376
14681388
14681397
14681399
14681411
14696187
14696190
14696382
14725773
14744980
14764575
14871873
14962940
14973045
14976314
14983076
14983078
14992409
14992518
14992523
14993706
14997523
14997548
14997549
14997563
14999012
15010309
15011950
15015939
15017135
15032682
15032723
15034935
15044237
15048820
15048822
15048824
15059838
15062078
15083810
15094837
15095871
15095988
15096277
15096585
15099733
15099836
15103126
15103130
15119964
15123699
15126668
15130928
15133161
15146495
15148413
15153303
15162483
15163179
15179055
15180909
15180935
15189853
15210054
15211038
15215359
15215411
15215436
15215439
15215448
15215449
15215452
15215453
15215455
15215456
15215457
15215460
15215461
15215468
15215472
15226299
15229883
15231539
15239659
15240449
15240474
15242589
15254296
15262791
15272165
15281128
15281134
15284104
15287818
15287974
15290784
15292214
15295113
15298926
15299304
15299376
15299567
15299651
15299686
15299768
15316127
15317465
15325297
15340919
15340924
15341488
15353450
15374856
15379553
15385431
15388930
15446821
15454411
15454459
15456255
15469313
15469417
15479239
15489268
15489337
15509603
15527957
15534698
15534701
15537801
15538770
15539454
15556481
15556602
15557265
15562563
15562990
15567421
15572777
15576382
15581348
15597203
15597208
15608167
15608173
15608178
15608185
15608186
15608192
15608193
15608195
15608227
15608236
15608245
15608383
15613399
15614759
15616358
15616964
15629199
15631459
15632958
15634341
15638627
15645518
15653774
15657096
15657118
15657933
15659377
15667141
15688450
15689509
15690493
15693738
15697635
15704011
15704013
15706489
15712122
15713490
15713672
15720711
15733917
15735337
15740737
15744497
15749693
15757999
15759614
15764403
15766539
15777696
15778971
15781184
15794639
15802286
15804350
15807481
15807508
15808217
15808222
15822098
15829301
15833999
15841474
15845542
15849316
15854652
15854658
15855251
15860562
15861385
15861390
15864673
15869470
15879453
15896718
15897198
15914544
15914894
15928919
15929997
15937287
15943484
15943884
15947016
15952206
15965733
15971202
15980018
15980437
15980442
15980464
15980473
15980491
15980586
15980589
15983419
15984934
15985423
15987905
15991339
16001417
16011796
16021622
16021624
16035863
16039708
16051439
16054209
16075311
16076399
16076483
16080151
16080157
16081261
16085657
16085935
16097025
16108716
16114038
16118666
16120364
16121397
16122378
16122386
16128616
16128617
16131545
16131750
16141250
16150733
16157368
16168087
16180903
16184432
16184518
16187342
16187346
16188924
16188926
16190468
16190756
16195547
16199667
16204124
16207360
16211524
16213760
16216579
16220142
16221553
16231310
16245324
16247798
16248794
16251366
16251367
16260755
16263264
16279769
16284258
16284961
16287115
16298534
16301801
16314922
16318635
16323965
16329120
16351754
16369089
16369097
16376823
16381844
16381845
16381853
16381854
16381863
16381867
16381872
16381925
16383421
16397007
16397490
16403825
16406532
16407180
16426065
16435372
16436386
16447976
16460193
16460560
16474870
16478803
16485037
16493627
16493650
16494871
16503338
16511027
16511037
16511078
16511167
16540146
16545112
16552136
16563002
16563004
16567363
16567800
16580722
16597248
16612804
16618102
16621634
16631102
16632493
16644792
16645816
16699187
16699196
16712916
16713709
16722775
16733478
16737532
16759860
16774686
16786065
16786600
16790841
16800891
16800897
16802965
16808494
16815621
16819709
16819713
16820050
16822664
16823370
16828554
16829580
16838300
16839082
16842112
16844682
16844972
16844974
16844975
16844992
16845001
16845003
16845015
16845019
16845038
16845087
16845115
16848606
16852727
16853663
16855309
16859316
16862592
16873480
16904958
16905618
16922686
16935303
16943442
16945920
16953874
16955948
16956955
16957991
16963505
16967317
16970493
16971149
16972167
16978047
16980371
16981206
16981675
16982067
16983673
17001031
17001039
17018535
17029568
17049359
17057333
17058118
17063379
17069453
17071962
17075131
17077483
17085597
17088324
17109404
17110146
17112313
17126617
17129165
17130160
17132832
17138593
17142228
17142275
17145705
17146044
17150250
17151078
17154432
17154456
17154507
17161834
17164520
17164532
17165772
17176078
17181353
17186525
17202171
17202175
17203366
17206659
17206849
17211891
17234636
17238265
17241456
17242521
17253676
17256924
17270209
17272843
17272846
17278357
17282836
17284455
17295319
17299764
17301785
17313688
17315854
17316683
17334524
17358197
17360626
17369421
17369628
17372228
17372730
17373653
17384423
17384425
17407165
17411433
17416628
17420045
17426381
17434486
17438284
17452785
17452786
17457691
17459960
17461975
17474767
17478496
17478501
17478502
17478513
17482713
17483505
17483510
17488107
17488521
17488847
17492829
17494086
17499551
17500034
17503393
17516673
17523186
17526524
17530839
17536097
17556358
17567616
17569521
17573243
17580852
17586545
17593527
17596339
17597880
17606396
17608515
17617551
17620603
17623850
17623851
17629549
17654550
17657805
17659366
17660202
17681532
17681537
17688447
17691764
17697122
17704142
17704562
17718553
17718923
17724034
17729287
17762141
17764691
17765863
17766371
17768099
17850747
17851740
17868464
17894348
17897090
17900174
17901324
17910054
17914237
17918727
17921173
17921498
17921499
17922259
17922903
17932940
17933765
17934447
17941003
17941626
17945915
17946724
17949073
17956938
17958346
17959648
17970917
17973270
17973494
17984079
17984971
17994767
17996091
17997962
18004751
18004789
18005453
18006916
18022194
18034855
18041759
18042734
18054085
18058713
18071628
18073189
18094473
18094476
18155047
18156468
18156675
18172931
18175321
18175776
18183967
18184807
18214949
18218713
18229722
18234833
18245129
18266409
18281388
18282303
18285371
18288446
18289108
18296777
18300226
18302007
18303883
18303888
18305831
18310240
18315842
18323620
18326625
18332124
18335424
18336323
18353859
18359856
18360740
18366622
18375904
18398008
18411224
18421148
18428680
18428750
18428753
18428761
18430608
18430752
18434503
18446286
18453687
18455184
18462020
18463137
18464982
18474114
18485361
18487276
18487301
18490656
18490824
18492664
18498108
18500983
18504624
18514578
18515836
18518581
18524655
18524873
18542858
18549971
18554899
18556023
18556754
18563369
18566516
18570438
18570440
18578882
18592198
18594878
18597049
18598017
18599072
18610841
18615268
18616314
18620705
18621419
18629810
18631156
18633954
18637174
18640649
18643097
18645236
18652454
18652527
18680467
18684507
18685723
18690664
18703846
18704938
18706425
18713857
18727669
18761349
18767165
18780343
18781281
18793461
18797997
18802931
18804117
18811932
18815416
18818215
18831036
18832369
18842639
18849407
18854352
18922149
18931373
18949069
18966480
18971256
18974183
18975926
18989044
18996395
18996896
19000929
19004875
19008251
19010965
19020356
19025733
19028123
19028476
19031068
19036790
19053519
19081746
19082769
19085023
19085980
19127590
19127591
19140675
19147381
19149673
19153136
19153462
19157886
19171971
19176717
19177366
19179356
19191322
19207418
19213741
19217394
19233204
19234696
19237752
19238231
19238251
19240142
19255645
19256532
19263424
19267450
19267915
19273121
19277543
19277727
19280326
19291738
19291741
19293998
19307724
19326457
19331660
19351620
19369493
19371430
19383128
19385702
19399760
19406922
19407963
19408019
19408301
19415754
19420059
19420068
19422056
19423898
19465380
19477184
19477961
19481444
19483098
19486669
19490099
19502422
19519455
19520086
19527732
19528080
19528088
19529837
19533373
19534738
19548538
19551896
19583441
19585161
19593815
19594872
19598234
19603120
19603492
19603824
19609386
19618414
19621908
19626351
19629657
19640828
19642277
19650927
19664763
19666489
19669752
19690619
19701941
19716935
19724118
19728285
19730682
19733256
19737425
19765976
19767616
19769988
19771357
19772383
19772623
19774550
19777061
19778866
19780836
19781595
19783827
19785044
19798743
19799409
19805219
19805347
19809581
19816577
19828075
19833136
19858099
19878910
19880386
19894979
19899165
19905343
19906708
19906722
19910050
19921955
19922660
19927323
19927325
19948242
19958024
19966414
20004669
20014471
20014475
20015046
20017215
20024801
20026407
20029110
20038451
20040598
20045650
20056889
20057052
20063036
20066664
20077566
20082720
20091237
20095051
20100510
20111861
20112952
20122207
20122226
20122233
20122279
20133727
20135044
20135687
20138109
20148287
20148971
20151416
20153433
20156173
20156457
20167627
20170534
20187622
20196071
20197040
20198187
20210310
20221929
20223768
20229335
20230000
20304974
20334529
20335262
20336234
20340135
20353350
20353553
20359241
20364360
20368142
20369018
20376006
20377441
20400516
20408171
20411399
20412802
20415463
20417638
20422243
20429930
20442757
20445225
20457257
20457744
20472546
20482798
20485793
20487511
20490881
20498088
20499135
20525787
20526815
20529369
20529874
20529890
20534590
20538653
20544971
20553501
20553602
20564332
20572019
20574564
20602353
20608178
20624717
20629978
20639464
20642430
20648263
20663186
20663480
20665270
20665689
20671979
20675408
20678238
20680401
20681480
20684774
20688167
20690656
20693658
20696653
20712375
20715854
20719237
20723560
20728427
20739006
20796320
20798081
20804590
20812728
20815595
20825228
20828797
20831240
20837147
20842396
20856692
20863833
20866657
20866840
20876026
20876693
20877496
20882397
20886466
20888470
20922558
20925403
20932977
20935055
20937596
20939767
20939793
20947015
20961427
20961847
20975886
20977231
20978598
21030437
21034480
21036862
21036868
21041930
21041941
21045056
21045060
21049982
21064162
21068722
21069866
21070651
21070939
21071423
21071426
21074516
21079678
21082721
21090726
21098306
21110804
21117131
21121065
21123176
21130100
21139274
21141877
21151784
21153711
21173473
21193520
21207994
21214225
21218060
21220118
21231985
21258829
21261333
21287628
21288573
21293729
21294583
21298165
21304455
21315656
21315729
21328401
21344910
21349275
21352498
21354965
21366334
21371586
21376729
21382834
21383902
21398668
21405545
21410983
21414989
21417260
21445639
21456653
21460026
21460450
21468430
21472436
21478852
21483987
21486213
21491555
21500218
21501386
21504605
21519111
21520320
21520893
21521153
21533239
21538733
21542600
21544164
21544169
21547550
21550983
21552527
21569793
21584187
21592348
21599856
21601576
21609016
21628431
21633941
21638331
21638596
21648462
21655095
21659320
21662246
21672787
21682141
21682142
21689482
21699954
21701716
21704717
21705334
21707398
21710634
21742262
21768131
21769189
21769192
21774557
21775441
21780805
21785437
21787303
21796434
21797404
21798172
21805520
21822642
21839118
21842894
21843481
21846146
21862860
21864281
21868352
21873637
21875154
21877691
21886100
21888915
21890895
21893421
21895666
21904043
21904426
21915394
21927545
21927900
21928824
21935096
21937512
21947509
21950839
21966510
21971443
21976737
21976953
21992054
21993301
21999568
21999734
22000512
22004995
22008450
22009674
22019767
22033979
22034521
22035036
22046350
22053089
22072760
22073276
22075454
22079367
22080505
22080553
22084200
22087829
22095872
22102572
22102591
22110033
22113924
22116607
22120745
22126836
22127861
22129429
22129448
22130591
22135289
22139937
22139939
22151054
22154803
22160929
22168729
22171006
22172531
22174266
22174269
22179786
22180101
22199255
22210869
22212099
22212631
22221669
22221834
22223194
22223667
22226790
22230937
22232010
22234525
22243519
22262517
22268964
22268978
22272723
22297986
22303903
22306417
22307557
22308038
22311113
22325770
22325772
22338660
22338664
22341779
22352982
22366956
22368412
22372682
22376115
22385475
22390639
22393277
22394450
22396194
22400590
22403005
22404821
22404998
22405284
22419406
22427646
22429136
22446381
22449400
22458364
22458781
22476578
22477769
22477774
22477786
22479120
22480614
22482709
22488669
22492397
22496053
22505268
22505803
22512649
22520973
22522126
22522600
22523085
22527276
22536870
22547433
22552955
22560992
22582806
22587122
22588483
22589081
22590675
22607409
22609626
22612566
22618878
22623373
22623399
22634724
22638586
22645367
22649057
22650985
22661649
22664167
22667104
22681406
22685160
22693222
22693223
22697455
22718633
22719985
22723976
22750855
22754227
22755602
22762162
22768312
22800292
22800569
22802655
22803829
22804629
22809386
22830492
22830730
22837698
22841294
22848767
22859300
22872137
22889332
22896895
22903636
22909276
22920142
22920885
22923302
22925713
22928725
22935005
22938024
22942020
22947645
22949812
22954660
22962341
22969036
22973844
22987346
22987360
22998498
23000902
23005781
23005782
23009854
23023892
23023928
23023942
23026637
23034760
23039228
23041414
23047307
23050213
23055621
23055624
23064642
23065773
23065923
23073199
23075397
23076582
23076586
23079643
23082758
23086054
23087378
23094997
23095020
23099666
23104379
23115119
23118231
23121732
23122331
23132077
23134204
23143269
23144547
23144549
23144555
23151636
23166753
23176552
23180575
23180855
23193259
23193292
23196990
23198745
23201474
23201476
23202924
23203869
23203988
23205665
23206039
23210080
23211764
23217202
23222839
23232527
23233352
23251045
23259794
23268444
23274129
23275157
23275172
23280389
23281241
23281814
23285112
23296536
23320527
23325556
23326114
23328413
23336295
23337870
23345727
23351076
23353585
23355480
23361315
23382856
23384287
23392763
23400232
23401043
23402398
23416197
23435231
23435263
23438059
23451886
23454609
23484105
23499709
23505538
23507619
23517223
23523426
23523652
23524136
23537565
23542009
23552950
23554685
23564964
23565904
23566269
23577073
23581492
23582453
23583778
23583780
23583914
23587166
23590674
23601118
23602808
23609407
23617878
23618839
23623753
23628156
23633580
23633598
23639357
23639904
23648839
23651449
23656161
23659790
23659791
23661994
23665295
23671024
23671331
23680285
23680785
23688418
23690621
23691057
23703214
23707380
23707406
23707408
23707773
23711504
23715893
23716645
23718141
23719704
23720356
23722836
23732330
23734176
23740647
23745136
23745168
23747111
23747301
23747485
23747921
23747973
23747974
23747975
23751279
23751954
23754657
23758891
23764391
23766369
23772049
23775945
23780977
23782617
23791741
23792159
23796504
23796516
23796517
23798413
23805842
23806657
23806659
23810904
23810905
23811057
23811058
23816706
23816837
23819482
23821527
23827137
23827138
23831224
23831225
23845423
23845761
23846747
23855663
23856621
23856622
23859543
23860256
23863937
23867277
23867278
23868908
23886813
23895374
23896297
23896518
23900004
23900196
23907989
23911402
23911607
23916814
23930922
23933509
23933973
23938203
23941501
23941661
23951184
23954241
23954596
23958730
23965175
23969108
23969317
23973434
23973438
23973789
23974014
23980878
23982150
23988161
23994868
23995310
23996490
23996787
24001579
24001723
24006253
24010707
24010715
24021812
24034303
24034788
24037245
24044365
24047900
24056174
24059258
24059322
24060334
24064406
24068844
24069194
24072554
24073193
24081580
24089367
24100306
24100321
24100551
24113529
24120937
24121354
24121644
24129074
24130308
24139944
24140951
24143133
24150944
24153109
24163642
24163807
24165393
24170674
24171662
24173824
24174539
24178034
24178989
24184215
24185507
24186831
24189050
24189051
24189229
24189496
24200961
24203341
24204237
24209858
24209919
24211389
24222885
24223750
24231803
24243844
24244274
24244326
24250278
24250637
24251097
24251111
24260562
24267035
24269527
24269678
24282309
24282677
24288376
24291661
24297255
24299297
24302577
24304899
24307765
24309626
24311564
24311569
24312167
24316032
24319143
24319443
24327772
24330655
24334029
24339406
24343026
24346117
24352481
24356774
24359708
24361964
24370339
24375430
24378235
24391782
24404899
24407015
24411201
24418318
24436123
24449043
24452510
24453215
24456211
24463105
24470572
24506675
24516327
24523568
24531460
24533301
24548692
24550143
24564201
24564209
24564522
24567403
24573472
24574112
24590722
24597929
24598752
24598758
24601637
24606382
24608034
24616095
24619194
24619909
24628974
24633774
24633955
24637574
24641521
24652697
24655208
24669769
24673938
24702623
24702737
24702793
24706752
24710290
24720693
24727478
24728566
24730580
24740694
24744754
24756863
24763918
24771517
24785545
24802653
24805772
24816093
24817727
24829452
24833420
24846670
24846739
24850495
24850951
24857860
24857909
24860169
24861616
24863636
24870802
24872444
24875358
24881663
24893801
24896099
24899180
24910198
24915524
24915882
24916958
24918041
24918043
24918316
24922057
24930858
24931334
24933273
24935744
24938370
24944884
24946894
24947543
24950326
24956108
24975648
24975828
24975935
24980207
24990767
24995510
25004962
25025310
25028045
25035635
25037211
25038791
25040949
25042901
25048123
25058446
25062767
25063278
25068439
25075321
25075337
25075342
25084371
25085083
25114050
25117763
25118648
25142412
25143260
25152041
25162025
25179433
25179901
25183487
25184535
25195748
25195913
25197272
25210596
25210740
25211160
25212002
25212755
25215650
25227262
25238155
25239514
25241161
25246432
25252780
25258493
25263816
25265331
25275445
25279564
25280064
25283443
25286839
25286862
25286863
25286930
25289590
25296502
25300483
25301850
25303560
25309972
25324316
25330960
25330965
25338999
25339142
25349983
25352545
25359407
25392418
25399834
25400412
25400515
25420233
25420575
25425036
25428375
25436466
25444697
25446116
25451036
25463349
25476252
25484044
25484215
25485544
25489236
25491400
25505094
25505656
25506200
25510188
25511055
25517317
25526284
25528480
25533949
25540181
25547242
25554228
25559128
25581292
25592571
25604895
25605595
25606664
25606685
25627402
25630330
25645710
25646433
25664223
25668361
25670880
25676441
25683338
25685666
25688572
25689853
25702712
25703038
25709332
25710258
25716304
25719942
25724101
25727867
25733811
25735820
25742501
25748215
25753714
25753715
25760613
25760617
25764948
25765184
25800744
25813047
25817260
25819672
25824339
25839999
25847998
25848225
25855811
25855957
25857669
25863964
25864376
25866655
25866664
25871149
25873628
25879162
25886642
25895265
25897329
25914055
25914447
25917548
25917899
25924579
25928393
25928839
25929542
25942442
25951412
25951918
25952498
25957658
25962468
25969449
25970262
25970587
25973165
25973843
25974010
25974529
25977292
25979473
25999804
26000290
26013810
26015431
26018625
26025554
26032746
26035493
26036565
26056977
26082804
26087950
26088262
26089768
26091586
26092861
26094576
26094768
26095030
26109759
26121557
26124807
26126964
26131659
26132394
26132652
26134632
26143913
26143916
26144227
26144373
26152196
26157620
26168495
26170618
26175905
26184874
26191084
26195077
26198481
26199865
26206206
26207937
26213149
26213415
26222023
26227144
26229288
26229439
26229444
26230289
26235784
26249342
26249347
26249677
26249680
26252172
26260067
26262955
26276430
26286285
26287988
26289158
26291339
26297309
26302018
26307003
26307973
26315904
26315961
26317409
26327386
26331262
26338235
26339074
26339152
26352795
26355505
26365206
26367132
26369703
26370141
26370211
26370961
26375252
26381910
26384977
26391724
26392216
26392535
26393532
26397100
26411373
26420918
26431670
26442281
26454279
26454591
26457511
26460595
26462166
26465610
26473018
26476188
26476444
26481430
26485540
26491883
26493835
26495908
26496949
26499089
26504143
26504146
26508754
26509288
26510704
26513520
26517951
26522624
26527139
26527728
26539658
26549015
26555596
26564235
26578568
26578576
26579414
26579771
26582920
26586395
26588553
26593842
26599799
26600856
26605248
26605406
26613247
26615193
26615945
26620338
26621437
26626512
26626523
26626849
26628682
26632859
26639991
26651388
26651396
26663887
26666704
26673703
26674250
26682969
26683124
26690490
26695058
26696075
26700111
26703572
26725675
26732380
26744254
26745458
26748441
26748546
26751396
26756435
26780406
26782400
26783002
26794929
26795966
26809613
26810135
26810894
26817627
26819632
26820895
26833410
26833702
26849571
26852934
26861959
26862566
26865740
26866052
26869101
26870754
26876163
26876563
26876751
26886688
26887913
26894545
26899474
26906522
26908025
26912949
26913589
26914344
26920059
26921398
26929175
26937242
26958583
26960124
26975108
26980515
27001666
27010607
27028290
27033734
27040243
27043210
27043825
27050687
27053149
27053606
27054185
27054830
27055826
27062441
27067018
27069282
27071308
27075512
27081927
27092246
27092463
27098808
27112977
27115626
27115630
27115631
27122118
27123592
27126109
27131358
27131377
27148634
27153067
27153621
27154589
27166370
27169728
27172383
27176425
27190510
27198219
27199544
27206479
27208881
27231348
27242869
27261771
27269808
27273290
27275151
27276250
27284049
27303791
27307139
27315033
27317883
27325739
27326702
27338257
27353137
27353520
27354635
27356707
27367662
27404817
27408909
27420403
27423296
27433060
27439771
27450113
27458733
27462072
27463059
27466775
27475398
27478368
27480696
27480927
27481595
27485571
27485774
27487824
27490502
27496767
27497169
27500071
27504672
27504936
27517583
27519423
27521371
27542992
27547799
27547920
27551105
27553238
27557773
27561707
27562564
27567382
27569779
27570544
27570830
27572735
27578633
27586496
27589215
27599733
27603019
27619958
27621732
27639380
27649739
27657508
27671894
27686671
27696240
27709576
27710932
27710933
27714801
27717103
27719669
27719672
27729912
27730744
27739253
27739336
27753291
27761512
27787834
27789697
27793940
27794042
27801424
27805160
27805161
27810958
27812412
27816840
27834134
27841751
27842227
27857549
27857557
27862476
27869685
27870245
27872188
27879050
27893848
27896717
27899594
27899671
27899675
27914049
27914054
27914300
27914894
27917894
27924265
27925594
27935677
27935717
27936766
27973613
27975294
27976886
27981920
27989121
27992205
27993680
27995514
28007597
28009542
28012138
28029627
28031034
28043639
28045382
28048939
28054744
28056780
28064377
28071757
28075068
28077258
28079879
28089412
28103421
28103425
28104891
28113517
28124836
28125289
28131886
28132477
28132479
28132483
28140371
28141528
28147510
28155233
28155647
28158609
28165677
28165915
28167161
28168746
28182403
28183813
28187351
28190782
28193156
28205562
28206754
28212856
28216043
28220788
28224488
28225828
28232893
28234462
28236243
28236245
28239489
28241377
28254074
28259712
28261265
28266755
28272875
28280100
28290671
28291352
28291754
28291756
28291757
28293074
28295743
28296894
28324558
28332578
28333400
28334105
28352893
28362865
28368276
28376303
28376709
28380253
28382865
28388287
28403668
28409029
28412353
28414463
28418051
28419715
28420706
28425478
28430871
28431131
28446765
28457014
28460216
28469974
28472372
28472475
28482787
28485824
28488852
28495511
28497559
28497965
28498966
28512306
28524228
28525356
28525590
28531818
28539725
28544464
28547747
28552940
28572170
28573571
28573580
28573584
28573590
28573592
28574982
28575027
28575796
28576081
28582506
28594549
28600973
28609090
28618168
28630153
28632398
28636680
28643473
28644020
28646413
28665599
28668885
28668990
28680062
28684899
28685969
28702701
28704585
28710336
28710792
28711359
28716729
28719998
28724886
28726736
28727915
28731300
28736891
28760531
28766097
28774292
28775330
28802223
28805222
28805540
28814238
28815765
28815771
28817602
28832117
28833480
28842885
28851219
28857479
28869855
28875543
28875852
28876235
28877501
28881427
28884163
28891648
28893136
28894629
28895717
28898537
28898552
28905320
28914808
28929019
28932107
28932871
28934505
28937982
28940959
28942498
28947103
28949054
28950183
28951301
28953376
28955933
28957753
28957755
28959348
28961691
28963762
28965745
28968673
28968795
28975708
28980928
28981583
28989721
28991473
29021733
29022712
29035580
29036719
29040693
29044714
29048999
29051683
29052279
29054096
29061807
29064326
29065609
29067736
29067766
29068057
29071742
29073067
29078103
29078314
29083539
29086196
29086855
29087479
29103094
29109152
29111727
29113027
29116779
29121470
29124164
29126160
29126295
29127582
29131507
29132266
29132296
29138410
29142396
29142426
29142427
29142819
29155427
29155577
29155578
29155876
29156132
29156380
29166010
29166022
29166058
29167817
29168245
29174494
29178137
29180642
29180655
29186056
29186336
29186775
29190271
29190272
29194829
29196973
29197185
29204945
29210532
29211343
29220075
29222836
29228340
29230175
29230887
29233747
29234984
29235146
29235904
29236954
29237358
29244012
29244774
29251560
29251610
29254494
29258555
29264403
29265808
29278448
29281009
29281938
29297283
29322920
29323785
29332600
29349451
29378946
29380674
29381339
29394369
29399321
29408997
29418080
29425456
29430816
29447108
29447615
29457794
29468945
29471780
29476645
29478092
29491636
29497021
29498209
29511608
29515832
29520122
29529934
29533230
29533231
29533528
29539389
29545810
29546800
29548284
29560428
29562629
29570700
29576712
29578387
29590585
29594773
29604354
29605927
29608773
29630775
29632657
29633905
29634905
29641200
29642027
29653837
29657569
29658442
29660786
29660793
29663862
29663870
29665372
29666914
29671451
29672908
29685986
29688351
29694705
29697300
29701158
29705493
29708963
29715329
29717535
29718775
29719674
29722076
29723693
29726798
29731656
29740518
29749298
29749603
29752966
29756582
29762856
29767960
29771936
29778646
29780684
29784778
29786717
29788129
29792155
29807245
29844728
29850778
29853132
29859055
29859257
29860391
29864163
29868550
29870023
29870236
29872004
29874600
29875175
29884203
29885327
29900277
29902523
29906118
29906880
29909755
29929459
29931153
29946980
29949198
29968670
29969365
29971231
29975698
29982280
29990265
30003638
30003691
30010333
30016077
30016407
30017977
30019777
30019937
30023893
30029773
30035850
30036625
30037214
30052959
30055105
30074257
30082516
30084395
30084396
30087829
30093910
30095229
30102105
30108464
30127348
30149122
30158708
30171661
30179493
30182834
30183137
30183257
30194464
30198884
30198894
30198902
30199612
30204052
30204435
30207699
30209260
30210004
30224962
30225276
30226602
30229043
30238928
30240074
30252938
30277160
30280944
30281929
30307368
30321373
30325351
30334209
30337134
30338212
30341436
30345925
30351056
30357361
30357364
30357411
30359675
30360704
30360716
30368772
30380800
30383331
30387327
30391297
30405416
30411035
30418645
30419284
30422398
30423083
30428636
30430727
30445541
30445657
30457858
30462158
30463236
30466711
30471922
30479037
30499394
30506636
30508159
30518120
30518255
30520990
30521151
30527201
30532050
30537764
30540177
30552791
30553268
30558287
30559269
30564747
30567342
30578716
30582634
30595456
30599183
30600860
30617820
30617821
30617825
30617834
30618542
30621295
30623815
30626284
30629068
30629512
30632055
30633250
30636612
30639897
30644841
30644845
30647617
30652085
30659540
30664045
30665056
30666486
30676783
30683882
30689052
30689079
30689843
30698416
30699990
30701961
30705752
30708253
30710138
30714210
30715274
30715689
30715856
30717561
30722040
30735498
30759194
30762370
30765742
30768851
30783007
30785643
30785927
30797477
30810932
30811856
30821046
30823507
30829349
30829435
30834616
30839293
30839296
30866735
30867891
30873531
30881647
30883115
30892132
30903304
30903741
30908847
30912485
30927297
30937486
30941756
30944483
30945217
30945227
30946594
30947123
30950607
30974511
30978222
30982658
30985987
30988261
30993890
31009239
31009453
31010928
31022835
31024751
31038968
31046040
31057345
31058166
31062021
31070716
31081631
31084902
31086984
31093295
31095387
31098811
31106379
31116374
31117390
31126630
31135267
31148305
31156341
31168936
31175706
31176713
31182755
31184923
31185391
31199072
31202245
31203808
31208311
31212425
31216622
31230405
31236096
31241921
31250014
31250750
31254668
31257108
31261733
31263870
31268326
31274316
31278630
31284869
31287615
31294978
31297938
31301982
31302938
31303974
31306018
31312380
31314509
31322866
31330841
31336667
31339068
31339076
31339834
31348608
31351863
31360335
31370551
31372752
31373570
31374138
31376324
31377194
31385702
31391686
31393255
31396911
31397325
31399549
31411686
31412589
31420998
31423681
31435151
31436327
31452097
31455212
31457307
31461845
31470676
31473433
31480623
31490509
31490642
31502861
31512555
31519398
31528873
31531901
31538891
31540347
31551353
31552702
31555805
31564470
31571280
31573196
31574962
31576212
31576635
31584078
31584092
31588321
31588513
31589784
31589791
31593460
31595188
31598690
31598947
31601145
31603323
31605655
31605668
31606900
31608555
31610520
31612440
31612567
31612957
31615894
31622514
31624839
31628915
31648640
31649851
31654438
31663474
31665813
31668098
31673107
31689433
31691821
31692475
31693302
31701154
31701819
31707420
31707699
31714766
31730345
31746214
31747510
31750992
31755197
31760561
31762569
31763480
31768230
31780431
31783503
31788942
31790732
31793174
31794092
31797594
31799624
31800237
31808997
31811259
31815233
31816235
31816829
31817305
31817979
31818479
31824649
31829066
31842701
31869345
31875784
31883412
31892539
31903721
31909318
31912881
31912987
31918170
31919097
31920003
31930600
31930911
31933010
31935541
31940798
31942846
31953996
31961068
31961683
31967710
31969105
31971455
31974851
31976609
31984192
31984200
31986130
31999923
32002441
32006274
32006284
32006287
32006784
32008094
32009038
32022861
32025157
32030204
32031206
32034199
32034988
32044951
32068073
32070491
32077246
32077837
32079172
32079302
32079721
32083806
32084498
32087645
32093828
32093833
32093834
32093835
32096817
32104696
32109854
32112332
32130758
32133946
32145192
32148843
32149224
32152349
32154036
32158389
32164553
32186698
32196438
32198115
32204595
32206049
32208534
32213914
32219016
32226924
32230759
32242496
32244772
32246585
32250657
32254056
32255260
32268187
32269383
32271995
32276087
32278787
32282198
32288881
32292689
32297315
32302382
32306822
32311227
32323374
32338910
32339554
32343866
32352209
32355036
32355039
32363751
32363843
32384767
32385863
32386501
32392204
32401510
32404014
32407511
32409645
32410504
32411671
32412687
32413324
32418327
32426388
32427086
32428996
32433469
32469201
32489525
32493189
32496533
32511353
32528791
32532023
32539163
32543078
32543856
32544024
32548318
32550805
32551014
32554590
32558264
32566135
32567329
32579358
32587353
32598484
32599651
32599863
32601601
32611389
32614943
32620933
32621224
32621229
32629051
32632294
32637803
32639954
32640984
32643410
32647818
32652915
32653646
32655067
32660238
32666476
32668479
32672401
32687167
32687361
32695409
32702590
32713858
32715598
32717382
32722631
32734828
32735322
32735615
32738982
32743159
32752657
32752708
32754758
32759312
32759758
32760062
32775433
32776019
32779575
32785279
32786701
32786895
32795148
32797732
32808340
32813925
32824094
32828251
32830360
32830651
32830734
32830749
32831289
32832588
32839634
32851912
32856919
32857966
32859008
32865404
32875166
32887218
32897178
32904340
32909899
32913581
32922174
32924851
32939013
32951135
32961649
32963943
32964804
32973286
32976910
32993484
32998307
32999998
33002111
33004676
33015628
33017412
33047664
33057452
33064571
33067882
33075050
33085891
33088686
33096507
33098476
33100792
33101604
33103906
33109057
33111403
33115963
33124176
33125653
33125659
33125660
33139328
33147237
33151284
33153778
33163898
33170672
33171073
33175445
33180672
33186584
33187978
33195080
33201672
33203097
33205029
33211854
33225862
33237313
33240933
33241122
33244378
33245761
33253857
33255944
33259501
33263322
33263396
33263569
33273140
33275427
33284792
33286322
33289563
33289893
33291642
33291927
33299989
33304465
33306055
33313665
33316337
33322545
33322801
33324379
33325494
33327170
33330622
33332101
33334586
33342083
33348379
33364445
33367751
33376199
33378101
33388027
33389765
33390138
33404525
33404533
33405388
33416020
33416027
33417598
33417643
33424361
33424398
33425253
33425684
33426353
33437230
33442530
33442828
33445129
33457179
33460499
33460600
33474593
33479676
33488196
33492971
33495874
33502860
33511782
33514045
33514717
33520197
33520632
33521641
33525574
33525781
33530506
33539886
33542514
33550681
33559603
33559605
33561464
33568025
33576566
33586321
33598107
33599038
33602065
33603257
33616388
33621065
33630388
33630603
33641184
33645879
33647288
33657417
33669763
33670968
33676924
33684359
33685335
33708401
33721990
33725680
33728361
33744282
33744283
33744284
33744287
33744288
33744289
33744290
33744291
33744292
33744294
33748087
33755983
33758672
33758865
33759375
33777681
33778000
33785358
33795718
33810025
33816926
33827920
33829594
33831357
33833673
33842282
33842877
33850892
33858308
33869281
33869672
33877625
33878263
33883742
33898512
33899463
33905501
33910736
33924837
33949189
33949973
33950005
33950214
33950382
33953398
33953920
33953926
33955323
33956157
33957120
33957122
33957123
33957125
33957126
33957128
33961402
33961840
33963294
33963295
33963335
33963857
33970805
33972023
33978738
33984281
33996891
34014278
34020540
34023895
34026836
34028251
34029774
34036130
34060231
34060472
34076588
34081107
34082135
34097593
34100777
34104664
34119522
34127723
34148292
34151345
34155106
34168948
34169728
34192585
34194668
34195603
34196295
34206220
34206860
34217801
34224751
34228733
34234013
34235482
34235492
34236848
34240464
34240890
34260689
34265888
34298061
34301175
34303324
34319727
34327257
34331857
34342272
34343291
34343336
34345611
34355210
34363333
34365938
34373871
34374539
34387007
34387838
34390348
34401358
34415547
34426762
34427431
34429326
34432157
34445259
34453465
34455301
34465095
34466411
34473084
34477364
34481129
34486940
34498974
34503409
34506132
34506621
34509862
34510309
34518755
34520740
34524819
34525125
34541344
34549102
34553601
34556749
34568026
34577142
34580920
34581813
34591195
34591922
34592054
34592708
34601455
34601771
34611467
34617336
34621930
34639143
34639178
34643709
34661240
34661307
34662258
34662534
34662662
34664328
34665257
34676381
34676613
34693623
34694801
34700256
34708077
34715131
34717233
34717972
34718696
34726171
34726489
34727109
34729302
34729303
34738791
34738871
34739839
34741587
34745656
34745807
34747471
34753907
34754982
34755867
34761467
34765092
34765094
34774566
34779026
34779073
34783395
34790910
34792014
34795693
34803266
34813729
34815346
34818740
34819324
34823028
34827605
34829099
34831396
34834261
34849200
34850161
34864908
34865074
34866653
34874637
34884849
34893873
34900129
34901479
34903959
34907770
34908533
34918738
34921198
34924680
34931193
34931597
34962586
34971307
34975135
34976306
34986600
34986602
35000237
35005149
35010191
35013487
35024090
35024183
35026162
35028595
35045776
35047875
35056869
35060718
35062878
35071324
35081885
35081900
35085247
35087572
35089701
35090315
35091368
35095308
35104317
35108364
35120520
35122113
35126886
35127160
35128084
35129957
35130630
35142606
35153410
35156058
35163439
35163728
35164270
35173180
35173422
35173693
35175657
35179902
35185301
35199148
35199412
35201629
35204309
35207496
35217180
35225868
35225987
35228151
35234135
35240125
35242284
35259436
35261984
35273901
35284936
35288575
35289353
35289616
35292113
35298818
35301089
35308030
35309473
35311063
35320268
35325844
35328145
35340590
35345871
35347980
35367419
35371500
35372826
35379171
35384056
35386098
35394655
35403086
35403565
35420129
35425536
35440982
35447030
35455031
35460671
35475989
35481652
35489057
35490497
35495446
35497015
35497656
35498827
35502159
35503203
35507259
35507268
35511693
35517739
35530128
35530743
35531186
35532457
35536216
35536362
35537348
35541873
35543462
35545703
35547764
35549880
35561142
35563019
35563976
35578668
35580077
35615018
35615739
35621378
35623230
35624755
35639505
35641150
35649487
35649841
35653385
35653492
35656714
35657284
35662458
35662471
35663798
35663844
35663930
35670547
35673494
35674373
35679182
35694511
35708080
35736202
35742870
35749071
35762357
35762711
35763362
35769204
35773575
35796328
35796455
35799364
35801924
35806175
35807231
35815836
35838364
35844389
35854796
35867844
35874680
35875823
35886213
35887033
35888076
35890244
35912059
35924598
35935687
35935696
35945035
35946221
35947129
35948649
35949428
35953671
35956675
35958111
35961013
35967374
35970514
35978663
35988710
35994325
36000562
36008992
36009907
36016712
36017823
36030416
36040538
36046378
36048150
36049478
36053401
36060904
36063745
36075262
36116513
36126789
36136985
36139023
36147680
36148013
36155963
36161892
36173158
36173162
36174814
36175582
36177367
36180812
36187455
36188602
36200217
36210328
36214369
36214436
36225529
36228115
36230807
36250971
36251626
36257955
36269348
36274238
36275623
36277464
36278156
36281733
36291635
36296489
36300618
36304287
36304325
36305870
36318068
36321230
36326969
36340004
36342197
36342326
36343329
36344848
36346585
36353361
36364098
36382184
36387271
36395332
36401463
36401727
36404852
36416528
36420884
36424783
36425960
36426006
36430525
36432204
36440762
36448847
36453831
36455142
36458613
36461109
36466363
36467577
36474932
36474933
36478084
36478894
36479776
36495283
36499138
36502637
36504712
36518265
36518482
36531315
36532870
36532871
36533288
36536641
36552273
36555254
36558771
36563656
36568273
36576101
36582435
36593274
36594750
36594970
36601805
36620377
36630261
36641205
36646374
36688185
36700237
36700303
36707040
36712039
36723978
36727106
36738985
36744215
36752327
36758040
36769066
36770702
36775843
36776141
36778155
36778399
36798081
36798313
36807079
36820301
36828268
36828407
36846000
36846858
36871844
36872238
36875212
36876430
36876433
36878029
36881272
36884022
36892160
36903357
36911881
36912460
36917599
36944627
36945513
36950221
36950458
36958605
36959446
36960047
36960558
36982603
36986499
36989742
36996958
36999428
37006617
37010519
37010520
37011730
37016200
37023262
37028040
37031054
37040476
37045837
37065036
37069723
37071394
37075194
37083254
37085957
37093130
37102691
37104530
37108204
37154806
37169763
37188492
37201514
37204444
37212923
37225067
37231754
37231759
37232507
37239821
37255416
37255841
37257257
37259835
37261904
37272863
37282639
37283068
37293240
37296383
37299020
37301066
37301337
37308709
37331493
37340457
37359726
37361001
37395405
37398459
37399186
37400926
37403279
37406353
37409806
37431759
37446375
37450113
37479220
37481883
37483233
37499935
37500162
37501200
37505762
37515714
37522378
37525849
37526218
37529283
37536083
37536400
37540795
37544974
37545919
37547017
37547340
37547722
37547952
37548210
37552904
37555209
37561405
37569436
37569478
37570723
37575338
37576287
37576297
37589594
37590933
37596303
37605446
37608543
37608940
37613801
37615411
37620609
37627305
37627519
37650645
37656737
37662346
37664213
37667815
37668214
37668546
37685843
37686234
37692021
37694099
37705735
37717984
37725157
37727847
37732203
37735703
37746887
37748825
37748829
37750380
37759488
37760106
37762462
37764313
37767081
37768271
37777157
37778185
37782030
37789284
37789571
37797915
37811710
37815921
37824496
37834233
37836558
37844262
37850517
37858842
37861016
37870462
37873926
37881092
37881887
37893061
37897185
37899502
37902775
37904891
37905702
37905971
37906711
37907772
37919904
37928321
37930546
37937007
37941148
37941304
37941462
37942718
37953312
37956388
37977136
37990482
37991247
37994703
37997891
38003510
38007819
38020163
38029898
38032425
38038927
38040737
38042830
38047790
38049781
38055565
38069854
38076521
38083830
38085238
38086647
38090090
38100946
38109881
38111685
38143877
38145425
38151469
38152692
38165485
38166796
38184711
38187637
38187876
38188721
38191485
38202635
38218937
38226347
38254915
38265073
38266916
38270339
38271778
38279543
38286913
38293060
38297184
38299993
38303159
38313945
38317610
38322578
38326495
38328042
38333003
38334174
38337153
38352531
38358135
38358351
38359362
38363124
38370120
38370832
38375588
38401830
38406373
38407190
38412652
38415708
38423413
38428067
38428431
38450370
38464458
38477253
38490206
38495740
38501429
38501482
38502609
38508301
38532692
38537893
38539199
38552946
38555402
38557634
38558718
38569935
38581839
38590567
38596743
38597878
38616890
38619040
38622438
38630617
38642892
38652428
38665640
38671943
38680324
38683072
38683084
38687202
38701111
38711584
38719885
38720559
38722807
38727317
38747341
38754216
38756274
38766001
38766172
38773604
38774441
38775777
38776291
38779278
38783102
38791396
38803272
38812740
38814371
38814485
38814763
38816986
38817009
38825827
38846766
38848656
38853661
38870521
38875526
38883239
38883612
38886570
38892057
38894604
38895339
38896158
38900780
38902252
38913746
38914798
38916610
38918604
38918669
38919033
38927071
38935341
38935343
38935962
38936693
38941144
38947214
38979669
38980225
38982323
38984903
38987471
38987561
38988763
38989988
38995543
39014261
39019896
39024028
39024644
39024903
39035919
39036522
39037802
39050014
39066230
39069741
39074139
39092736
39099797
39100546
39101323
39104710
39109919
39111728
39113569
39116039
39125601
39127518
39129835
39138333
39145086
39151594
39161242
39166687
39167036
39167052
39169047
39172362
39174623
39175677
39177244
39179250
39180854
39187256
39198226
39207896
