15939326
16026614
16098521
16267694
16381840
16381955
16494871
16616507
16646969
16729727
17170002
17238248
17260980
17309247
17385012
17389044
17447748
17555310
17606396
17608408
17631401
17660205
17880744
17897036
18045790
18163186
18197627
18214952
18232646
18271514
18283419
18302356
18335092
18336013
18338225
18364257
18402434
18403718
18414635
18446295
18482452
18533644
18547062
18590332
18605681
18642033
18699726
18785154
18817552
18829357
18931373
18931377
18940862
18972466
18996453
19091025
19158160
19242965
19415114
19434821
19434830
19498078
19530895
19536101
19549631
19569201
19621901
19639591
19689138
19708682
19767608
19825798
19842624
19847304
19897391
19910364
19933261
19937820
19961205
20000375
20014151
20024044
20070233
20122228
20150999
20179075
20205728
20226935
20236837
20298516
20298522
20298526
20301109
20307295
20370695
20373212
20405959
20466822
20481485
20565102
20565917
20712327
20814717
20824169
20829444
20936179
20945869
20947527
20970519
20980217
21059237
21073183
21097890
21216779
21247177
21272340
21316965
21331278
21410249
21414988
21418625
21433368
21456522
21471461
21491913
21504223
21534610
21554721
21556903
21568288
21574568
21592072
21598906
21613989
21615159
21618008
21618009
21618971
21631412
21641696
21668016
21678983
21682141
21691435
21692447
21696144
21702939
21733180
21734330
21735601
21735608
21774504
21774809
21781288
21810208
21882847
21885866
21933373
21936816
21988927
21989943
22024215
22042689
22049579
22064367
22084255
22098146
22125383
22135289
22140104
22140110
22143523
22185196
22185593
22186085
22247277
22249747
22260722
22289373
22292781
22297109
22373185
22380484
22392278
22453080
22486388
22489687
22492643
22493522
22559876
22564364
22642982
22650976
22665797
22693105
22720033
22740655
22769057
22780427
22815355
22829732
22831459
22843234
22851955
22889332
22907158
22921073
22960870
22976213
22989151
23013546
23019435
23019491
23030379
23039714
23056181
23088335
23090021
23118783
23134593
23144547
23155229
23155465
23166964
23173901
23193264
23203875
23203877
23205736
23220571
23231439
23289532
23296990
23297797
23299552
23306969
23317704
23330685
23399051
23407461
23442217
23449064
23453308
23469385
23485150
23494783
23497593
23497729
23534413
23559751
23587166
23605636
23605807
23618056
23631600
23661994
23662787
23702041
23721660
23740397
23742807
23762940
23762959
23781255
23845040
23856527
23860186
23861568
23867285
23872399
23891745
23918250
23954527
23962444
23963658
23973509
23978578
23991755
23994642
23994664
24028970
24035789
24035860
24036011
24036086
24040220
24041741
24042071
24044882
24055438
24055799
24060906
24070654
24076230
24076368
24076380
24076395
24078711
24080468
24083950
24090928
24095720
24096146
24125915
24126577
24134915
24135460
24140388
24140545
24140746
24144800
24148663
24157475
24161784
24161786
24183958
24184124
24188205
24189032
24196694
24198245
24211703
24225386
24231071
24231338
24231511
24234439
24239748
24239832
24239834
24239896
24252492
24252805
24259429
24269250
24269961
24269963
24275607
24280018
24287004
24291032
24291079
24291152
24291533
24291757
24291772
24296088
24296297
24297539
24311882
24315856
24315931
24325944
24331047
24333169
24333215
24333452
24333476
24333477
24333504
24333550
24333551
24333896
24333901
24333958
24333960
24333963
24342711
24342797
24361268
24361332
24363665
24370495
24370660
24373810
24374009
24374359
24374609
24378345
24378353
24382462
24384377
24384378
24389027
24391360
24393620
24406245
24406248
24406672
24412246
24412378
24412387
24412642
24418655
24440317
24444437
24444440
24444441
24444890
24445350
24447628
24447935
24456674
24460210
24462571
24462918
24462920
24463073
24463179
24468189
24468191
24473174
24485894
24486211
24486399
24486483
24486558
24486704
24491644
24503037
24508518
24508522
24508524
24508566
24508654
24508860
24509066
24509151
24509154
24512737
24524735
24530389
24530413
24530417
24530419
24530503
24530519
24530555
24533037
24534483
24556221
24556224
24560594
24560640
24560646
24560961
24561045
24561047
24561049
24561178
24563424
24565699
24565909
24568773
24576809
24582595
24582761
24582762
24582769
24582770
24583072
24583107
24583207
24583239
24583241
24583832
24594240
24602799
24602800
24602801
24607201
24607274
24607510
24607773
24607776
24613801
24614580
24616558
24630926
24631054
24631255
24632014
24636868
24636913
24649954
24656802
24657238
24657241
24657810
24680865
24680953
24680963
24680993
24685504
24685584
24685587
24685589
24685639
24685819
24686194
24690261
24690425
24690777
24694395
24704146
24704252
24704372
24704373
24704489
24704551
24704553
24704594
24704595
24704667
24709313
24713438
24724899
24726442
24726558
24726846
24726872
24726874
24727238
24727239
24727551
24735610
24735613
24735863
24742377
24742562
24742657
24742752
24746409
24746411
24746480
24747028
24747029
24747662
24747752
24747753
24751345
24751712
24752143
24755144
24768740
24768769
24768806
24768807
24768857
24769040
24779709
24780647
24785966
24792437
24792972
24792977
24792978
24794013
24797785
24798679
24802126
24810239
24810393
24813390
24813782
24814038
24815943
24819220
24820703
24824922
24831737
24832112
24832862
24832964
24834990
24836665
24836868
24842190
24842191
24842192
24844437
24846011
24855042
24858368
24858619
24858620
24858708
24858801
24862067
24862316
24862489
24866386
24875445
24875446
24875449
24876890
24877688
24877690
24877693
24877847
24879903
24881578
24882038
24882730
24884564
24886878
24886884
24886888
24905776
24905858
24905867
24907514
24907515
24912144
24912710
24912725
24924290
24927992
24927993
24928131
24928133
24928166
24928173
24928188
24928826
24928827
24928829
24929012
24929107
24930355
24930356
24931190
24933016
24933224
24933225
24933646
24939049
24945139
24945398
24950175
24950368
24950446
24953034
24955981
24956461
24956462
24958002
24958142
24960181
24960183
24960224
24964293
24966522
24967532
24968819
24969824
24972239
24972242
24972245
24972246
24972350
24973542
24973689
24975094
24975097
24975098
24975099
24975195
24979220
24991786
24991788
24991789
24993177
24993496
24993785
24996317
24996366
24997391
24997410
24998509
24998872
24998875
24998940
25003748
25014368
25014508
25016086
25016090
25016091
25016952
25016978
25019181
25026200
25026599
25034807
25034810
25034811
25036265
25037334
25037351
25037399
25037423
25038434
25038475
25038697
25046838
25051111
25051112
25053079
25053088
25058526
25058903
25058909
25063077
25064340
25064341
25064343
25066112
25066114
25068200
25076381
25078721
25078786
25083608
25083916
25084219
25087568
25089505
25091376
25091464
25091466
25092200
25093285
25094037
25094038
25102245
25102246
25102403
25107329
25107705
25108154
25108514
25109459
25111667
25113043
25124059
25128425
25128426
25128704
25128717
25129530
25129762
25129773
25129803
25131395
25132361
25135648
25142736
25146463
25148728
25148730
25148953
25149017
25149102
25149126
25149663
25149665
25151979
25153022
25158219
25160741
25160744
25168772
25172677
25172682
25172685
25172693
25172705
25172710
25172714
25172722
25172724
25172732
25172743
25172748
25172753
25174989
25175738
25178828
25179572
25180456
25193680
25194259
25194925
25195622
25195730
25196822
25204745
25215441
25217880
25218322
25218394
25218882
25218969
25218985
25219538
25219601
25219603
25219606
25219883
25220492
25220584
25229720
25236191
25236221
25236226
25236229
25236241
25236254
25239510
25239810
25240712
25241291
25242119
25242120
25245006
25245770
25246016
25256479
25256482
25256499
25256502
25256688
25256690
25256836
25257463
25258292
25261266
25261832
25263860
25263872
25264277
25264278
25264307
25264938
25267578
25267579
25268324
25278183
25280885
25281200
25281201
25281202
25281203
25281205
25281775
25281912
25282305
25283078
25283614
25284215
25290813
25300670
25300680
25301775
25304091
25304183
25306300
25306324
25306357
25306376
25308637
25308639
25308677
25308681
25308687
25311179
25316557
25316568
25338999
25344835
25348409
25362883
25382104
25398906
25415348
25433198
25433696
25435286
25437456
25439888
25439901
25439913
25439938
25442521
25442522
25442533
25442558
25442559
25442560
25442589
25442601
25442620
25442625
25442630
25442632
25442636
25443969
25444841
25445048
25445051
25445223
25445302
25445518
25445529
25445535
25445698
25445931
25445968
25445977
25445978
25446161
25446162
25446164
25446430
25446559
25446586
25446587
25446591
25446592
25446602
25446604
25446630
25446912
25446914
25446915
25446916
25446918
25446922
25446926
25446927
25446932
25447156
25447160
25447163
25447595
25447793
25448306
25448307
25448308
25448502
25448549
25448554
25448557
25448566
25448574
25448577
25448583
25449032
25449042
25449059
25449426
25449456
25449458
25449598
25449600
25449602
25449604
25449884
25450247
25450675
25451543
25451544
25451822
25454460
25455500
25455779
25455781
25456427
25456438
25458298
25458300
25462817
25464055
25465995
25466004
25466016
25466037
25466039
25466054
25466055
25466057
25466060
25466064
25466077
25466094
25466095
25466099
25466110
25466113
25476485
25476828
25478729
25478892
25478948
25481222
25481298
25481375
25481858
25483211
25489175
25489921
25489922
25490313
25497179
25497708
25497900
25497901
25498156
25498602
25498629
25498632
25498667
25498673
25498705
25498714
25498723
25498726
25498792
25498854
25498898
25499739
25505656
25510321
25510323
25511868
25512330
25513956
25514605
25522828
25522955
25523370
25523481
25526825
25527005
25527118
25527212
25527314
25528327
25529436
25529660
25529666
25529671
25529672
25529676
25529711
25529714
25529715
25529722
25529732
25530267
25530268
25530452
25532772
25533331
25533812
25534555
25535087
25541146
25542099
25542610
25542682
25542686
25542756
25542987
25542997
25543853
25549925
25549926
25550273
25553823
25554638
25555357
25556055
25556104
25557029
25557034
25557036
25557765
25560670
25560914
25562804
25563944
25564966
25573118
25573151
25575467
25576798
25576894
25577051
25577053
25577054
25577056
25577066
25577069
25577083
25577092
25577108
25577111
25577118
25577124
25579062
25579569
25579868
25582488
25582491
25583332
25592229
25592317
25592320
25595728
25596093
25596561
25598188
25600245
25600862
25609066
25614335
25615984
25615986
25617724
25617845
25619422
25620134
25620383
25620384
25622553
25623260
25624204
25624214
25624236
25624251
25624256
25624257
25625349
25625351
25625352
25625768
25636663
25637685
25637705
25637780
25637828
25641745
25641749
25645057
25645189
25645190
25645391
25647326
25657114
25659514
25659674
25659675
25659678
25659690
25659703
25659710
25660334
25660335
25660854
25660855
25660866
25660874
25660882
25660884
25660901
25661977
25662585
25662691
25666024
25666331
25666385
25666429
25666431
25676243
25676592
25677765
25681061
25681744
25684194
25684626
25686780
25686781
25687251
25688928
25697471
25697799
25698242
25698243
25698248
25700623
25701610
25701721
25701724
25701726
25701747
25701754
25701755
25703069
25703070
25704613
25704614
25704615
25704617
25704619
25704697
25704706
25704711
25704712
25704715
25708856
25709332
25720342
25720951
25721805
25722132
25722145
25722153
25722165
25722171
25722174
25724082
25724136
25724786
25725114
25725284
25725433
25725434
25726127
25727735
25744397
25744403
25746462
25746737
25747438
25748600
25748831
25749073
25759121
25764963
25766820
25766821
25766823
25769232
25770680
25770771
25771124
25771355
25771451
25771457
25773496
25773497
25773498
25776008
25779351
25782398
25789820
25790992
25792014
25794714
25794722
25794734
25794735
25794759
25794806
25794808
25796121
25796122
25796198
25797116
25797281
25797282
25797283
25797289
25797536
25810776
25813735
25814188
25814258
25817638
25817641
25817642
25817652
25817655
25817677
25817802
25818062
25818185
25818228
25818230
25819005
25819782
25827589
25828164
25828254
25828396
25829334
25834405
25835266
25836921
25839412
25839413
25839787
25839811
25839820
25840273
25842317
25842322
25842329
25843408
25843411
25843412
25843841
25843857
25843861
25843877
25845771
25845772
25847005
25849734
25849951
25850000
25855812
25857708
25857953
25857955
25857978
25857983
25857995
25858508
25863291
25863351
25863624
25864442
25864612
25864613
25865570
25868124
25869509
25869511
25869522
25869849
25872163
25872430
25872445
25872449
25880749
25881747
25882015
25882246
25882826
25886802
25891257
25891473
25893282
25895618
25895637
25895640
25895641
25895718
25895883
25897993
25899285
25902038
25906910
25907980
25908402
25910535
25912409
25912763
25912798
25912799
25912802
25912803
25913240
25914447
25917207
25917321
25917324
25917842
25918726
25919931
25920891
25921764
25921770
25922264
25922266
25928885
25931305
25933541
25933716
25933717
25934511
25934567
25934803
25935546
25936624
25936770
25936945
25936963
25937254
25937523
25939976
25941011
25941083
25943290
25944007
25948477
25952167
25952839
25952842
25952848
25952858
25952859
25952874
25952887
25952888
25956675
25956732
25957661
25957699
25957703
25957810
25958352
25959066
25959117
25959387
25962665
25963418
25964188
25965478
25965490
25965495
25967133
25968358
25969615
25975515
25976225
25976790
25976801
25976810
25976820
25976827
25976991
25976997
25977005
25977009
25977011
25977013
25977014
25977015
25977018
25977023
25977026
25977035
25977060
25977063
25978951
25980420
25981619
25981920
25982932
25986884
25987211
25987212
25987417
25987420
25987423
25998052
25998561
26001523
26002426
26002765
26003124
26003417
26004532
26005138
26005142
26005147
26005148
26005153
26005157
26006759
26007642
26008138
26008752
26010215
26012879
26018421
26022736
26025855
26026251
26026796
26026802
26028544
26032259
26032587
26032640
26033207
26038151
26041156
26041168
26041180
26041186
26041189
26041194
26041204
26041213
26041217
26041218
26041220
26041222
26041230
26041235
26043825
26044639
26047847
26048279
26048307
26050882
26050886
26051832
26054569
26056033
26057110
26057112
26060939
26065729
26066585
26068198
26068429
26070388
26070528
26073024
26073546
26073947
26074264
26076595
26076621
26076632
26079328
26079523
26082805
26086672
26086857
26086863
26087232
26087462
26091569
26091967
26092479
26092760
26100446
26100720
26101059
26101064
26101066
26102008
26102179
26102180
26102431
26102551
26108525
26111718
26116162
26116882
26116989
26117210
26118442
26119284
26133062
26134504
26134505
26136059
26137785
26141758
26141930
26142246
26142247
26142827
26142830
26143233
26143335
26144371
26144696
26145280
26150343
26150895
26151243
26151244
26151856
26159564
26160303
26160305
26162543
26162702
26164074
26164793
26165232
26165250
26165611
26165751
26168706
26169899
26175801
26177200
26183576
26187311
26187313
26187352
26187356
26187821
26188148
26189022
26189024
26190353
26190601
26190647
26192545
26192628
26194581
26196247
26196248
26196273
26200748
26201396
26206183
26211952
26211972
26212167
26212540
26212550
26212554
26212941
26212946
26212951
26212984
26212986
26212992
26212995
26212996
26213008
26213015
26213016
26213034
26213040
26213047
26213056
26213058
26213076
26213685
26216411
26216512
26220314
26222745
26226436
26228432
26229292
26231447
26231831
26232702
26235921
26235942
26238175
26238817
26239154
26239802
26239883
26241749
26253183
26253686
26254104
26254105
26254599
26256156
26256161
26256187
26256188
26256195
26256331
26256334
26256335
26256339
26256340
26256345
26256347
26256352
26256368
26256372
26256377
26258705
26260229
26260232
26265304
26271598
26272436
26272764
26275811
26276253
26276256
26276561
26277325
26277342
26277491
26282096
26285175
26291396
26291881
26292053
26296533
26296860
26297444
26297636
26297684
26297843
26297845
26297909
26297910
26297911
26297973
26297974
26297975
26299343
26299424
26300056
26300391
26300392
26300985
26302653
26302860
26302863
26304314
26304328
26304337
26304345
26304352
26304353
26304355
26304369
26304371
26304373
26304374
26304383
26304402
26304410
26304411
26304415
26304416
26304429
26304432
26304442
26304448
26304450
26304451
26306243
26307262
26311656
26316425
26317883
26318147
26318408
26318746
26318978
26319633
26320686
26320688
26320689
26322134
26325308
26325310
26325316
26334482
26338135
26340673
26341389
26341615
26341693
26342249
26342664
26342756
26343585
26344038
26344260
26344282
26344292
26344301
26344308
26344310
26347954
26349052
26358138
26358205
26361729
26362749
26362807
26363112
26363194
26363255
26363279
26363473
26365569
26365830
26369477
26375988
26376237
26381092
26383846
26384212
26385166
26385196
26385515
26386138
26386152
26386437
26387741
26387765
26388492
26390808
26392543
26393684
26398007
26400175
26407652
26408046
26409201
26410677
26410725
26410754
26410755
26410756
26410757
26415544
26415647
26415981
26415982
26419930
26423722
26424110
26427553
26428002
26428103
26428109
26428116
26428119
26428135
26428157
26428168
26428175
26428184
26432351
26432833
26435026
26437262
26438969
26439663
26445356
26449594
26452514
26452517
26453144
26453778
26453787
26453868
26453869
26453932
26453933
26455286
26455338
26455386
26455387
26456246
26456252
26456328
26456365
26459089
26460147
26462447
26462929
26463038
26463039
26463755
26464438
26468980
26471288
26471289
26471421
26471527
26471528
26471534
26471540
26471550
26471561
26471573
26471575
26471595
26471596
26471601
26471604
26471611
26471612
26471625
26471628
26471636
26471651
26471658
26471661
26471663
26471665
26471671
26471685
26471832
26472125
26474677
26474692
26474964
26475531
26475984
26476078
26476280
26477373
26477637
26484591
26485055
26485316
26490647
26494258
26494508
26498369
26498492
26500705
26505149
26505295
26506558
26514291
26514495
26514696
26514871
26515507
26518722
26522925
26526350
26528795
26531326
26535158
26537299
26541297
26541329
26541464
26541745
26543186
26545458
26545627
26546723
26547530
26548595
26548976
26549270
26549367
26549421
26551598
26551675
26554339
26557141
26561946
26562548
26571088
26571089
26571438
26572331
26572332
26572353
26572355
26572373
26572374
26572383
26572386
26572388
26572390
26572403
26572404
26572417
26572421
26572446
26572447
26572448
26572468
26572479
26575458
26575708
26575715
26578185
26583046
26586311
26586313
26589431
26590327
26592777
26593211
26593212
26593426
26593428
26593429
26593431
26593463
26593474
26593476
26593478
26593485
26593487
26593511
26593514
26593531
26593533
26593541
26593542
26593550
26593556
26593570
26593589
26593598
26593608
26593617
26593622
26596652
26599913
26607462
26607467
26607468
26611670
26614560
26615191
26616220
26616919
26616922
26616934
26616938
26616949
26616963
26616972
26616984
26616985
26616992
26616993
26617000
26617003
26617004
26617011
26617012
26617024
26617025
26617030
26617035
26617040
26617042
26617044
26617045
26617046
26617315
26619316
26620132
26620371
26621245
26621343
26621783
26626486
26626488
26631532
26631757
26633997
26638997
26640276
26641708
26645511
26655077
26656755
26656756
26657269
26657272
26657350
26657578
26658171
26658370
26658480
26664060
26664062
26671004
26673542
26673740
26675840
26675842
26675847
26675851
26675852
26675855
26675861
26675871
26675874
26675875
26680587
26683635
26683637
26686101
26686134
26686138
26686144
26686151
26686164
26686167
26686183
26686393
26686578
26686580
26687095
26687557
26687972
26688043
26688569
26688571
26689773
26689774
26690043
26691294
26694106
26694801
26704786
26706287
26707413
26707799
26709081
26711860
26719283
26719284
26719286
26721628
26721723
26721727
26721731
26723469
26723470
26724392
26724393
26732684
26733466
26739369
26743226
26746354
26747404
26748071
26752214
26762884
26768339
26771142
26772534
26772877
26773599
26774452
26775938
26775943
26775949
26775950
26775958
26775960
26775971
26775976
26776026
26776028
26776044
26776306
26776965
26778604
26779945
26780123
26780172
26780592
26780674
26780675
26783636
26784982
26794319
26794734
26794737
26794738
26794742
26794746
26794762
26795076
26795357
26796039
26796578
26801071
26801076
26801687
26802551
26802701
26804288
26805468
26806569
26806575
26806577
26806799
26807478
26807547
26808096
26812004
26812086
26812586
26812610
26812679
26819876
26819879
26819907
26820353
26820671
26821190
26825541
26825543
26826279
26826569
26826593
26827921
26827943
26829213
26829288
26829386
26830554
26830557
26830573
26830582
26830589
26830598
26834843
26836708
26839598
26844923
26845695
26849940
26849941
26850313
26850986
26851083
26851176
26851344
26851353
26851372
26851499
26852957
26853314
26853315
26859523
26860111
26860286
26863090
26863293
26863411
26867504
26868540
26868546
26868547
26868551
26868557
26868558
26868562
26868563
26868569
26868570
26868573
26868577
26868580
26868585
26868587
26869434
26869543
26872985
26873624
26874033
26874863
26875635
26875637
26875647
26875816
26876610
26876822
26876832
26876839
26876842
26876850
26876863
26876869
26876874
26876993
26876996
26877103
26882973
26883760
26891814
26892184
26896646
26896780
26898267
26898408
26899469
26899973
26902830
26902831
26902832
26906912
26907805
26907809
26911418
26911562
26915982
26917368
26917369
26917376
26917377
26917381
26917398
26920263
26920277
26920300
26920301
26920307
26920314
26920320
26920325
26920805
26921637
26921672
26924564
26925505
26926093
26926429
26927753
26930419
26931618
26939881
26944096
26944236
26944237
26944238
26947249
26947454
26947455
26947901
26947945
26948310
26948589
26948590
26948596
26948600
26948603
26948608
26948611
26948612
26948619
26948621
26948623
26948629
26948630
26948637
26948646
26948650
26948853
26952552
26953225
26955064
26965104
26965217
26969251
26969405
26969793
26970016
26970017
26970185
26970377
26970570
26971309
26972276
26972381
26972388
26972503
26976670
26976766
26976767
26979254
26983755
26986230
26988376
26988469
26988484
26988488
26988504
26988506
26988510
26988522
26988565
26993050
26993378
26993380
26995773
26995774
26996304
27001626
27005906
27006207
27006217
27006223
27006227
27006230
27006233
27010420
27012748
27013094
27015893
27015977
27016672
27019135
27019966
27020529
27020547
27025291
27030802
27032710
27035910
27036486
27036629
27038519
27038533
27038655
27039041
27039149
27040796
27041124
27041126
27041300
27041314
27041315
27041400
27041402
27046069
27046295
27048620
27049384
27052695
27052714
27055738
27055770
27058921
27059127
27059481
27060412
27063591
27063872
27063982
27063983
27063986
27068146
27071755
27079642
27080878
27080887
27080899
27080901
27083340
27083343
27083349
27083358
27083368
27083548
27083789
27083796
27083799
27083818
27083819
27083843
27084457
27084488
27085216
27085642
27085645
27085895
27085898
27085899
27086127
27088876
27091487
27091783
27094112
27094907
27095424
27098498
27101927
27102943
27102993
27105955
27105956
27106078
27106081
27106504
27106606
27106785
27107723
27107807
27107900
27108051
27108052
27109050
27112405
27112661
27112662
27112852
27112886
27113553
27113869
27127010
27130362
27130643
27131920
27132502
27132822
27132826
27132842
27132845
27132852
27132857
27133376
27133890
27138707
27138708
27139142
27139570
27140694
27146384
27151308
27152632
27154254
27154255
27154260
27156871
27157250
27157251
27157412
27157995
27158118
27163527
27163672
27164423
27167183
27173533
27173536
27173537
27173550
27173554
27173555
27173560
27173561
27173567
27173570
27173572
27174153
27178631
27178632
27178634
27178898
27178899
27178913
27178918
27178925
27178933
27178938
27178941
27178942
27178947
27178954
27178956
27179992
27180010
27180315
27180878
27180879
27181068
27181607
27183540
27184188
27185122
27185125
27187188
27206337
27208435
27208869
27211015
27211647
27211655
27211658
27211667
27211672
27211680
27211685
27211688
27211691
27212704
27215128
27215130
27215146
27216136
27220655
27221932
27223849
27224243
27230105
27233687
27234880
27235019
27235020
27236079
27236269
27238836
27238973
27240746
27240933
27242185
27242312
27246785
27256139
27259806
27260125
27261724
27261725
27261735
27261736
27261738
27261758
27261765
27262379
27263826
27264509
27264552
27265143
27265513
27266447
27266666
27267732
27268146
27268717
27269504
27269589
27279421
27282663
27283234
27283249
27283600
27283601
27283602
27283612
27283614
27283617
27283623
27283633
27283638
27283639
27283643
27283644
27283649
27283662
27283669
27283671
27283694
27283697
27283699
27283700
27283705
27283710
27286635
27288003
27288116
27288754
27288755
27288879
27289195
27291973
27291974
27292162
27292195
27292695
27293485
27296085
27297283
27297630
27298192
27301797
27312626
27312631
27312638
27312650
27316979
27317365
27317945
27318323
27321131
27323084
27325020
27328977
27334657
27340103
27340106
27343366
27343381
27343385
27343386
27343699
27344962
27346209
27346436
27349593
27349791
27349807
27349986
27350007
27350217
27353586
27353867
27355444
27356149
27356707
27364038
27364039
27364227
27365222
27367662
27371903
27373423
27373439
27373846
27373850
27373875
27374404
27374510
27374516
27374524
27374528
27374534
27374538
27374545
27374549
27374553
27374555
27374556
27374560
27374561
27374569
27374571
27374575
27374587
27374588
27374589
27375256
27377337
27377964
27378285
27378570
27389050
27392634
27393341
27393561
27394388
27395394
27395799
27395822
27396346
27396347
27397430
27398098
27401037
27401290
27404580
27404761
27406893
27413384
27417253
27423314
27423315
27423879
27425447
27426505
27426508
27427783
27431777
27436148
27439219
27444550
27445236
27448444
27448502
27449753
27450295
27450514
27451159
27451162
27451180
27451186
27451187
27451218
27451232
27451235
27451248
27452656
27452659
27453434
27453494
27454129
27456929
27457507
27459118
27463196
27463847
27467409
27467412
27468646
27468706
27469197
27469199
27469200
27471831
27473278
27473279
27473309
27473516
27473821
27473917
27474352
27474470
27474567
27474571
27474577
27474589
27474594
27474596
27474599
27474612
27474614
27474621
27474653
27474656
27474657
27474665
27474666
27474667
27475677
27475716
27477103
27477351
27477352
27477817
27479194
27480066
27480397
27481456
27481592
27484974
27485194
27485418
27486309
27487177
27487266
27490165
27491749
27492328
27493077
27496654
27497059
27497636
27497639
27497640
27497881
27506511
27507440
27507448
27507451
27507457
27507459
27507466
27507482
27507483
27507488
27507495
27507497
27507507
27507512
27507528
27507530
27507578
27508230
27509041
27509865
27511370
27511839
27515292
27515664
27516266
27516271
27516273
27516278
27516303
27516321
27516323
27516328
27516333
27518633
27519827
27520400
27520401
27520486
27520493
27520732
27521834
27521836
27521870
27523282
27524282
27531061
27531551
27539141
27539143
27542450
27542453
27542457
27542462
27542465
27542469
27542478
27542484
27542486
27543462
27544651
27544824
27544847
27553261
27553263
27553977
27558948
27561494
27561512
27561519
27561525
27561539
27562320
27565220
27565221
27566203
27566204
27566206
27566207
27566210
27567941
27568836
27568838
27568839
27568854
27569424
27575322
27575325
27575519
27575777
27575880
27576668
27577892
27577894
27577898
27577903
27577923
27586019
27586252
27586820
27586821
27590127
27590356
27592312
27596330
27596391
27596401
27596423
27596435
27597143
27597161
27599609
27600020
27600716
27600819
27608509
27612432
27614111
27614126
27614181
27615444
27615593
27616027
27616550
27618741
27618742
27620073
27620661
27620662
27628067
27629498
27633406
27634645
27637375
27637455
27638450
27639338
27639682
27640244
27640745
27640746
27641813
27641814
27642585
27647493
27649680
27650458
27651324
27659809
27659860
27660012
27660013
27663259
27663262
27664300
27664327
27664441
27664613
27664616
27664625
27664653
27664655
27664662
27664669
27664672
27664677
27664684
27664688
27664690
27664695
27664775
27664790
27664938
27666600
27666601
27667770
27686268
27686269
27686582
27687220
27693316
27693678
27693737
27693743
27693772
27693797
27697633
27697641
27697646
27697730
27699554
27702493
27702495
27702503
27702513
27702521
27702539
27702609
27702668
27711632
27713083
27717907
27718364
27718475
27719669
27719672
27719897
27719902
27719904
27719906
27719917
27719933
27719952
27720295
27720847
27720849
27720920
27720921
27720960
27721042
27721044
27721051
27721054
27726859
27729283
27730744
27732871
27732901
27736666
27737809
27737810
27737817
27743521
27744035
27744053
27744113
27746217
27746305
27751876
27751877
27756015
27756609
27765207
27765219
27765221
27765222
27765226
27765240
27765243
27765248
27765258
27765261
27765368
27765607
27769945
27769947
27771379
27771457
27771486
27773801
27776329
27777034
27780751
27780753
27782427
27789216
27789220
27789327
27789357
27789366
27789367
27792915
27792948
27793756
27793757
27793764
27793773
27793785
27793940
27794496
27809519
27810393
27812412
27815138
27816435
27816546
27818243
27818251
27818256
27823932
27825807
27825819
27825863
27825990
27826011
27829331
27833028
27833029
27834134
27835772
27836671
27838344
27838499
27840160
27840258
27842814
27842816
27842832
27845050
27845181
27845215
27845264
27845267
27847198
27847275
27847306
27847310
27847337
27847338
27851907
27855882
27855884
27855885
27855887
27855894
27855900
27855907
27855918
27855922
27855934
27855938
27856160
27856263
27863308
27863666
27863683
27864019
27864112
27866015
27866934
27866999
27867013
27867014
27870984
27871833
27872020
27872662
27876502
27876543
27876600
27876620
27883958
27884717
27888133
27888155
27890818
27895719
27899561
27899599
27902927
27902928
27903425
27903431
27908723
27908769
27915007
27915043
27916558
27916559
27916587
27916676
27919703
27919827
27923568
27923653
27923696
27924481
27931767
27936381
27939420
27939572
27939989
27940058
27940204
27940262
27943356
27956189
27956353
27956356
27965097
27974147
27979067
27979070
27979100
27979112
27979115
27979120
27979141
27979143
27979151
27979156
27979167
27979169
27979198
27979203
27979204
27979212
27979213
27979214
27979225
27979230
27979237
27979250
27979252
27979258
27979265
27979270
27979277
27979290
27979299
27979300
27979303
27979612
27981241
27984167
27987816
27987860
27987871
27987879
27987910
27987923
27987928
27987958
27987961
27987963
27987976
27987983
27988000
27988001
27988004
27988012
27988017
27988285
27988328
27988398
27988402
27989509
27989510
27989828
27989859
27989873
27993634
27993717
27998756
28007501
28007545
28007597
28011126
28011163
28011266
28011425
28012958
28012960
28012970
28012971
28012974
28017774
28017777
28017803
28024539
28024889
28025073
28025096
28025106
28025124
28027879
28027880
28029644
28034616
28034735
28038744
28038749
28038955
28040533
28041555
28041556
28041561
28042084
28043491
28043811
28043864
28043865
28043879
28049063
28057327
28057549
28062367
28063664
28063836
28063918
28063966
28063969
28064055
28065859
28065862
28065863
28069121
28069128
28069129
28070724
28077330
28087354
28087358
28088371
28088383
28088493
28089736
28089737
28089846
28090217
28092854
28095325
28095326
28104409
28104473
28108376
28108896
28110963
28111262
28115088
28115089
28115090
28115092
28115106
28115284
28115286
28119080
28119082
28119097
28126415
28126457
28126510
28130112
28131845
28131847
28131886
28137222
28137471
28149054
28150521
28151651
28153530
28153636
28153650
28153735
28153746
28159258
28159259
28159269
28159278
28159281
28159298
28159512
28159648
28159683
28159726
28160856
28163112
28163115
28163191
28163211
28163219
28163229
28165734
28167234
28167263
28167290
28167402
28172359
28178331
28179059
28184254
28188737
28188803
28188834
28189228
28189237
28189241
28189245
28189541
28189855
28192097
28192098
28192100
28192159
28192201
28193401
28193409
28193424
28193435
28193436
28193438
28193537
28195704
28202417
28212891
28213028
28213105
28213108
28213273
28213289
28213294
28214694
28215999
28216047
28219708
28219710
28219717
28219718
28223006
28223260
28224019
28229941
28229946
28231527
28232061
28232062
28232125
28232127
28232217
28233528
28237302
28238827
28238857
28238946
28242245
28242375
28245962
28246026
28246028
28248922
28249709
28249817
28254015
28254017
28254024
28254481
28257787
28257822
28257823
28257851
28257881
28257978
28258008
28258034
28259802
28260517
28263719
28263834
28267440
28267506
28267508
28271852
28274423
28274442
28274446
28274454
28274455
28274464
28274615
28274821
28275339
28279742
28283391
28284728
28286083
28286104
28288821
28288826
28288941
28290313
28290321
28291596
28291597
28293071
28293633
28300593
28301805
28302276
28302396
28302581
28315343
28315344
28315352
28315369
28315389
28316655
28317706
28317707
28317714
28317716
28317721
28317724
28317728
28317734
28317736
28317738
28317742
28317759
28317760
28317762
28317768
28317771
28317778
28317779
28318734
28320515
28322744
28322747
28322831
28322834
28322835
28322836
28322838
28322839
28322840
28322979
28322990
28323017
28323055
28323056
28323094
28323096
28323101
28325304
28325309
28325317
28325333
28325335
28325340
28327506
28330089
28330763
28336257
28336436
28341247
28341345
28341541
28342788
28342817
28344030
28344125
28344126
28346087
28347665
28347769
28347776
28347824
28351757
28356227
28359820
28359850
28359867
28363522
28363532
28363546
28363554
28363557
28363558
28363563
28363573
28365185
28365287
28366727
28371716
28372177
28372178
28372179
28372188
28372190
28372200
28372211
28372212
28372215
28372216
28372217
28372223
28372224
28372242
28372250
28372256
28373074
28377317
28385222
28385228
28385230
28385237
28385242
28385250
28385252
28385523
28385612
28386292
28390894
28390939
28392095
28392421
28392458
28395821
28395824
28395826
28395827
28396093
28396094
28396245
28399643
28400197
28400209
28400256
28400285
28404378
28407893
28407896
28407899
28407903
28407906
28407907
28407917
28407926
28407927
28407929
28407931
28407933
28407946
28407947
28407952
28407955
28407962
28407963
28407966
28407968
28408143
28408246
28408343
28408345
28410751
28411056
28411989
28411995
28412008
28412214
28412222
28412225
28412329
28412346
28412370
28412373
28412452
28412482
28414046
28414050
28414094
28414139
28414177
28416371
28419872
28419973
28420530
28428039
28431267
28431765
28431942
28431972
28433144
28433148
28433149
28433169
28433272
28433283
28433290
28433303
28433532
28433552
28433656
28433663
28433924
28434934
28435092
28438550
28438564
28438566
28438580
28442440
28448798
28448837
28450005
28450007
28450008
28450018
28450022
28450110
28453915
28454485
28454948
28454955
28454958
28454961
28454964
28454969
28454973
28454981
28455024
28455032
28455050
28455053
28455055
28455204
28455265
28456301
28456516
28456517
28456572
28456578
28456606
28456683
28456686
28457823
28457882
28457974
28458138
28458139
28460970
28460972
28460986
28461126
28461265
28465214
28465253
28472666
28472671
28472673
28472715
28473235
28476332
28476333
28476373
28476623
28477464
28478067
28478159
28478227
28479141
28479396
28481528
28483393
28483518
28484935
28487067
28490063
28490065
28490069
28490073
28490077
28490088
28490110
28490114
28490116
28490122
28490124
28490126
28490135
28490136
28490143
28490148
28490149
28495375
28495476
28499769
28499874
28501008
28501516
28501518
28501577
28502631
28504127
28504139
28504144
28504161
28504166
28504179
28504421
28506899
28506900
28506909
28506911
28511903
28512306
28514645
28515692
28521987
28521988
28521994
28522007
28522191
28522406
28522425
28526339
28526517
28526609
28527632
28527783
28528094
28528097
28528101
28528106
28528184
28528187
28528286
28530565
28530574
28530575
28530583
28530589
28530592
28530595
28530598
28530607
28530608
28530614
28532677
28532683
28533092
28533163
28535974
28536059
28539264
28546070
28549585
28549680
28551211
28551222
28551239
28551242
28551243
28551251
28551255
28551258
28552062
28552343
28552528
28552530
28554072
28554545
28554612
28554615
28554628
28554631
28554633
28554639
28554847
28559093
28570944
28571737
28571892
28576360
28576495
28577908
28578029
28578030
28578034
28578035
28578041
28578052
28578062
28578064
28578068
28578069
28578165
28578947
28578951
28578954
28578956
28578957
28579544
28583427
28583845
28587776
28587788
28587899
28591563
28595875
28595903
28596140
28601397
28601761
28602645
28603011
28603025
28603026
28603044
28605645
28606525
28606535
28606536
28606539
28606542
28606549
28606823
28610726
28610727
28610728
28610842
28614732
28619258
28619366
28619450
28624083
28624390
28624659
28625568
28625719
28625720
28625749
28629817
28629980
28633107
28633926
28636885
28642033
28642035
28642037
28642038
28642155
28645621
28645780
28645781
28647433
28648287
28648404
28648405
28648738
28648863
28654769
28654794
28655643
28655664
28660674
28666727
28666799
28668393
28668697
28669564
28669624
28669795
28669796
28673548
28673807
28673860
28676456
28684235
28684304
28685785
28687197
28687341
28687462
28687528
28689020
28689797
28689798
28689803
28689964
28690138
28690190
28693956
28694067
28694094
28694098
28697384
28698065
28698140
28700976
28704688
28704798
28705508
28705616
28705698
28705713
28709622
28709911
28709939
28709950
28710006
28711497
28711625
28711638
28711639
28711705
28712933
28712972
28713815
28715869
28716723
28716728
28716729
28720343
28720517
28724247
28728917
28728966
28729041
28729226
28729227
28729229
28732770
28732856
28732867
28732889
28732920
28733038
28733243
28734777
28734869
28734930
28735873
28736072
28738241
28739304
28739503
28743075
28743551
28747013
28751047
28751195
28754511
28754590
28755970
28755985
28756208
28756223
28756373
28757051
28757256
28757373
28761934
28763698
28763750
28763946
28763947
28763953
28763956
28763961
28763966
28763973
28763974
28763978
28763980
28763984
28764000
28764012
28764018
28764020
28764029
28764037
28764043
28764075
28764077
28764080
28764093
28764095
28764096
28768146
28774732
28774807
28774856
28778464
28778465
28778628
28779986
28780039
28784469
28784486
28784512
28784521
28784525
28784526
28784538
28797641
28797691
28797721
28797761
28800917
28802647
28802718
28802880
28805678
28807677
28807690
28807848
28807849
28807850
28809163
28811117
28813646
28818303
28818673
28821045
28821051
28821065
28821068
28821072
28821098
28821100
28821102
28821104
28821105
28821106
28821112
28821114
28821118
28821134
28821439
28822333
28823518
28823854
28823888
28823924
28824367
28826891
28827109
28828991
28830790
28830818
28837793
28838654
28842124
28842359
28843826
28843892
28844846
28844874
28847399
28847666
28847753
28850894
28858643
28859934
28859940
28859967
28860082
28863306
28864209
28865617
28865678
28865759
28866044
28866045
28866099
28866102
28867094
28867578
28867627
28870456
28870734
28870763
28873516
28873520
28873523
28873525
28873530
28873542
28873552
28873555
28873562
28873573
28873580
28873582
28873596
28873599
28873603
28873605
28873609
28873628
28873653
28873658
28873660
28873673
28873692
28873713
28873717
28873723
28873729
28873731
28873750
28873762
28875650
28882558
28882624
28887135
28887219
28888446
28888460
28888960
28889028
28889054
28890201
28890367
28893570
28893617
28895343
28899696
28903068
28912036
28916191
28916481
28916483
28917849
28917853
28917855
28917880
28917885
28917904
28917916
28918098
28923349
28927614
28927617
28928088
28931623
28943238
28943729
28946216
28946218
28946223
28946225
28946232
28946235
28946236
28946238
28946248
28946250
28946257
28946260
28946262
28946319
28946328
28946335
28946336
28946337
28946342
28946344
28946347
28946349
28946355
28946361
28946372
28949811
28951224
28951277
28951297
28951347
28955738
28955779
28955788
28955799
28957726
28958507
28958510
28958513
28958517
28958522
28958528
28958533
28958537
28958540
28958544
28958548
28958590
28958601
28958841
28959525
28959532
28959535
28959560
28959568
28959576
28959579
28959599
28959610
28959613
28959615
28959617
28959629
28959647
28959649
28959659
28959676
28959677
28961699
28962230
28962232
28962244
28962247
28962254
28962259
28962267
28962269
28962270
28962277
28962278
28962281
28962283
28962290
28962294
28962300
28962301
28962304
28962306
28962307
28962329
28962341
28962349
28962351
28962353
28962371
28962374
28962377
28962380
28962383
28962385
28962388
28962402
28962414
28962415
28962418
28962428
28962446
28962458
28962471
28962484
28962491
28962749
28962753
28962761
28962763
28962779
28962780
28962790
28962797
28962836
28964363
28964367
28964372
28964373
28964376
28964870
28964903
28964951
28965801
28970012
28970017
28974348
28982542
28986195
28986196
28987271
28987455
28987539
28987878
28987884
28992456
28993159
28993167
28993279
28993280
29024788
29030177
29031818
29031898
29032194
29032304
29037480
29037668
29037673
29037708
29037717
29037721
29037727
29037767
29042206
29042248
29042288
29042318
29050967
29050968
29051120
29052380
29054370
29054705
29055785
29056509
29056523
29058760
29061324
29061342
29061371
29061509
29061807
29062721
29066190
29066296
29066348
29066385
29069580
29069769
29073460
29074104
29074411
29074414
29074415
29078076
29079221
29079420
29080828
29086216
29091900
29100914
29101054
29102677
29102678
29102759
29102765
29102767
29103484
29103493
29104047
29106905
29106960
29107045
29107647
29107671
29107673
29107841
29111036
29111044
29111048
29111098
29111111
29113495
29113958
29120756
29120768
29120771
29120782
29120790
29120795
29120796
29120797
29120799
29120803
29122629
29122633
29125010
29126988
29129982
29133212
29133216
29136770
29138048
29138115
29138518
29140470
29142827
29145151
29145837
29146246
29146322
29146331
29146333
29146334
29146337
29146342
29146349
29146351
29146357
29146370
29146372
29146374
29146527
29150703
29154114
29154440
29154989
29155014
29155058
29155174
29156325
29158049
29162434
29171346
29172112
29173643
29174381
29174382
29175112
29175444
29175764
29183231
29183747
29183768
29183838
29188180
29191397
29191753
29191791
29195223
29195871
29195878
29195930
29195951
29195970
29196000
29196134
29197723
29198875
29198958
29199123
29203151
29203368
29207319
29208486
29221654
29221952
29223619
29223646
29229534
29247685
29248426
29248451
29248576
29248594
29248595
29253975
29253983
29253984
29253999
29254033
29254056
29254400
29273436
29273438
29274353
29274752
29274812
29277224
29277225
29277608
29277693
29277715
29279109
29279113
29279116
29279118
29279119
29285887
29287323
29287324
29287330
29287333
29287336
29287347
29287348
29287349
29287350
29287352
29287361
29287368
29287377
29287382
29287393
29287396
29287402
29287407
29287417
29287419
29287435
29287439
29287444
29289796
29291545
29291722
29291830
29291837
29291842
29291844
29291846
29291866
29291871
29291877
29291878
29292131
29298657
29305857
29305909
29307836
29309760
29309860
29309861
29309862
29325918
29329810
29329838
29329847
29329849
29329855
29329863
29329876
29331315
29332257
29337215
29346071
29348768
29352867
29352895
29352974
29355503
29360560
29366944
29370540
29374548
29376367
29378193
29378194
29378196
29382554
29389595
29389596
29389601
29389604
29389620
29389624
29389639
29391155
29391169
29391237
29407191
29407224
29407485
29407765
29407912
29407917
29407922
29407925
29407937
29407938
29408003
29408089
29408093
29408328
29408497
29409832
29410309
29412898
29412905
29412906
29412912
29412931
29413003
29413485
29414119
29414309
29421045
29421060
29421507
29428540
29432823
29432856
29433188
29433203
29433204
29433228
29433254
29433265
29433268
29451740
29452097
29453046
29454024
29454872
29454913
29455981
29455982
29455988
29468427
29474901
29474961
29477369
29477627
29478529
29478531
29478538
29478746
29481859
29496576
29501584
29501676
29501679
29501845
29501922
29502822
29502828
29502829
29502833
29502834
29514055
29520288
29522918
29525159
29525160
29526497
29529505
29530599
29530600
29530602
29544833
29545208
29545209
29548451
29548454
29548471
29551453
29559364
29564801
29567278
29567576
29571458
29571467
29571471
29571477
29571486
29571500
29577893
29579902
29579925
29579952
29579956
29579960
29579962
29579972
29579989
29579990
29579992
29580003
29580004
29580007
29580407
29580470
29580499
29580522
29580541
29580626
29600655
29601980
29604371
29606439
29606441
29606462
29606464
29606465
29606474
29606476
29606478
29616425
29622185
29622187
29622195
29622201
29622215
29622219
29622222
29622232
29622235
29625221
29626672
29627356
29628263
29628291
29652912
29654897
29655716
29655718
29655720
29655739
29655744
29655745
29655759
29655852
29661129
29661299
29661315
29661323
29661326
29671272
29678324
29678545
29679707
29679725
29679751
29680035
29680038
29680050
29680052
29680057
29680063
29680064
29684672
29689329
29690999
29691000
29691010
29691018
29691038
29691039
29692282
29698717
29699652
29699660
29699663
29699668
29699670
29699671
29699676
29699680
29699686
29699688
29705105
29705534
29709538
29713275
29715531
29718389
29727638
29728040
29729608
29731656
29732996
29733942
29733943
29735045
29735052
29735056
29735090
29735903
29738847
29738850
29739574
29739577
29739591
29739592
29739595
29739596
29739603
29739609
29739611
29751221
29751902
29751903
29751912
29751921
29753041
29753271
29756074
29758340
29772299
29772354
29772355
29773384
29773393
29773394
29775322
29777855
29778538
29778800
29782855
29784305
29784313
29784315
29784321
29784324
29784331
29784333
29795804
29800607
29800738
29800742
29801717
29801835
29801839
29801863
29803452
29803494
29803726
29804958
29804977
29805015
29807072
29852388
29853360
29853365
29853368
29853377
29853379
29853381
29853406
29854583
29854625
29856969
29859849
29859989
29860116
29864654
29882343
29884360
29884366
29884369
29884372
29884373
29884377
29884399
29884400
29885366
29890144
29904147
29906536
29913299
29920359
29934142
29934145
29934153
29934154
29934157
29934185
29934188
29934899
29935346
29949058
29949965
29958841
29959603
29959993
29964161
29969672
29971617
29972695
29976942
29979714
29980108
29981758
29986167
29990427
29990624
30001749
30007659
30007669
30007696
30007711
30007741
30008429
30009135
30009812
30011630
30011650
30011665
30011678
30011694
30011733
30012495
30012512
30018026
30021339
30023852
30023898
30028990
30030122
30031352
30031825
30032017
30034767
30036684
30042091
30048923
30055148
30055312
30057968
30064735
30064738
30064742
30064747
30064754
30064760
30064762
30064763
30064768
30064775
30064805
30064806
30068281
30071269
30076967
30081034
30081070
30090478
30090576
30092983
30092987
30096362
30096386
30097821
30100415
30100422
30100437
30100441
30100444
30100450
30100451
30100452
30100459
30100466
30100476
30100479
30102994
30107202
30107218
30114515
30118848
30120944
30121358
30125651
30130541
30131123
30131143
30131155
30143140
30143174
30144404
30144497
30145328
30149299
30166162
30170082
30174021
30174022
30174024
30174028
30174045
30174057
30174080
30177150
30177184
30181026
30189366
30191613
30193122
30195532
30196103
30196201
30201214
30206740
30213551
30213756
30218812
30219840
30223051
30225197
30227240
30227323
30228000
30236661
30236663
30236664
30236674
30236675
30236676
30236677
30236679
30236683
30236693
30236705
30236706
30236722
30236726
30236727
30236735
30240984
30241813
30243827
30243914
30248460
30257396
30261175
30268651
30269035
30273654
30281999
30286985
30286993
30290222
30292308
30292367
30292371
30292428
30297147
30309536
30309556
30309560
30309576
30309580
30309582
30309596
30309608
30316820
30316887
30316903
30317998
30318208
30318224
30321610
30334202
30334203
30338400
30342965
30342966
30343521
30347274
30350614
30354048
30359850
30361021
30361031
30364542
30366101
30371825
30372916
30372923
30372924
30372938
30372941
30372953
30372954
30372964
30372977
30372996
30372999
30373007
30373022
30373025
30381171
30381174
30381176
30381185
30381188
30381191
30381193
30381196
30381197
30381202
30381215
30381216
30381217
30381219
30381222
30381225
30391465
30395293
30395947
30395977
30396316
30399586
30404161
30408455
30408534
30408571
30409571
30409578
30409606
30409610
30409621
30409622
30409641
30409643
30409647
30409664
30409668
30426790
30430945
30445107
30471409
30472462
30485488
30499396
30502125
30502126
30502129
30502140
30502144
30502146
30502158
30502164
30502167
30502173
30502188
30502189
30502193
30502200
30502209
30504089
30508524
30508623
30514192
30520384
30521335
30526461
30529659
30529974
30540445
30541615
30543487
30545804
30553333
30553354
30553361
30556015
30564943
30580086
30583353
30583354
30583367
30583398
30583401
30583404
30583411
30583413
30583417
30583419
30583430
30583435
30583436
30583441
30584950
30597893
30598094
30599925
30599970
30600011
30607323
30607324
30610932
30611470
30611472
30611477
30611503
30611504
30611507
30611515
30614735
30616017
30618857
30619731
30639057
30639223
30642473
30642496
30647760
30648615
30658098
30658738
30658741
30658745
30658753
30658759
30658772
30658782
30664999
30677560
30682681
30683365
30685431
30690071
30690186
30690196
30703495
30711110
30711562
30715689
30716936
30717012
30717013
30721730
30721736
30722764
30722852
30722855
30722860
30722867
30722869
30722877
30722882
30722890
30722891
30722905
30722924
30722925
30724178
30724183
30724189
30724191
30724200
30724202
30724203
30724226
30724230
30727923
30731182
30731197
30732780
30732805
30732819
30732820
30737579
30739035
30742985
30744840
30744844
30744861
30744863
30744864
30744872
30753931
30763654
30764859
30768125
30772482
30778259
30779909
30794922
30797029
30797030
30797322
30797332
30797337
30797345
30797355
30797359
30797362
30807866
30818006
30818043
30824075
30824094
30826475
30827581
30827595
30827596
30827599
30827608
30827623
30827633
30827643
30827659
30832867
30832880
30836068
30836160
30837873
30844149
30848455
30851368
30851385
30853646
30857700
30857701
30857703
30857714
30857716
30857722
30875968
30878403
30879650
30879661
30887919
30892835
30902268
30902271
30902277
30902295
30902310
30902312
30902316
30907586
30908915
30909817
30914262
30914317
30925996
30926001
30928888
30933541
30935916
30950810
30954631
30955193
30955599
30955620
30955622
30955623
30955626
30955636
30955643
30955654
30955665
30965057
30970280
30972694
30978456
30978940
30981369
30981885
30986544
30995514
31000027
31000028
31000035
31000036
31000049
31000051
31000052
31000058
31000266
31004930
31006447
31006456
31006473
31007759
31022502
31022566
31028903
31028989
31034951
31039397
31047080
31048033
31052325
31054655
31054666
31054672
31054676
31054680
31054695
31054698
31055001
31063771
31063836
31085186
31100430
31100435
31108739
31108775
31108783
31108795
31108803
31108821
31109278
31113351
31121256
31125563
31125601
31125715
31126445
31126448
31126465
31126466
31126479
31126491
31126492
31126502
31126506
31126511
31128188
31128210
31129178
31131749
31132237
31147725
31150627
31151517
31151522
31151535
31151540
31151590
31151594
31151597
31151633
31151644
31151647
31151648
31152828
31163073
31170403
31174757
31174759
31174768
31174780
31174781
31174785
31174797
31174806
31175925
31176813
31181334
31181335
31181336
31182229
31185284
31193691
31201779
31202293
31202805
31228464
31228512
31229072
31238194
31241082
31243976
31244427
31247270
31250014
31253257
31253263
31253270
31253273
31253281
31253285
31253288
31253289
31253318
31253337
31253343
31254667
31260958
31260961
31260981
31260982
31260985
31260995
31260997
31260999
31261001
31261003
31261009
31276771
31279830
31280001
31280088
31284236
31285005
31285023
31285026
31288162
31295635
31299520
31301463
31302427
31306713
31319149
31319335
31320051
31320081
31320095
31320098
31323223
31323332
31323608
31323745
31325600
31325752
31325815
31327570
31328578
31330372
31344423
31348934
31351190
31351254
31351262
31352290
31359993
31374532
31376431
31377198
31377221
31377467
31377536
31377618
31377622
31377623
31381873
31382110
31387036
31387043
31393255
31396716
31399858
31400402
31401398
31401419
31404259
31404628
31404803
31408647
31409761
31415916
31415918
31425749
31427004
31429692
31432017
31432020
31434908
31435152
31435156
31435158
31435160
31437461
31437561
31437711
31440050
31440457
31442578
31442619
31442902
31445021
31445174
31445175
31446024
31446039
31446368
31447670
31450897
31465774
31466032
31466648
31470272
31470274
31472385
31472851
31473433
31473459
31475901
31476546
31479749
31483234
31494147
31494199
31494501
31496427
31497695
31497756
31499196
31499290
31499291
31512980
31520921
31521293
31521298
31533078
31534865
31536782
31540347
31545975
31546014
31554035
31554043
31554050
31554058
31554090
31554114
31554126
31554137
31554364
31555028
31557052
31560944
31562895
31563650
31576201
31584270
31585178
31589999
31590855
31593892
31602479
31602908
31604137
31605966
31606628
31606633
31606692
31610423
31614716
31618694
31622746
31622805
31622806
31625456
31629298
31635737
31639576
31648877
31654626
31655478
31655481
31655483
31656955
31669796
31669950
31670091
31670117
31670118
31670120
31670122
31673107
31676402
31677599
31678210
31678670
31678674
31688938
31693936
31699552
31699553
31699558
31699563
31699564
31700033
31702391
31703388
31704071
31704076
31706011
31706679
31708345
31709231
31711811
31721713
31726100
31732042
31732045
31732077
31732249
31733326
31734009
31736697
31739101
31739102
31739106
31751538
31751653
31753680
31753684
31759087
31759088
31759089
31760818
31762569
31765717
31767480
31767485
31771917
31780222
31781261
31784067
31784074
31786356
31787391
31787905
31790821
31790822
31791725
31809860
31814899
31816534
31817887
31826414
31826431
31826453
31826465
31826478
31826488
31826524
31830712
31838371
31838372
31841786
31842491
31846726
31846760
31847444
31854281
31855770
31855776
31862407
31864185
31864190
31866285
31866511
31867578
31869642
31869645
31874409
31882081
31882083
31882093
31882102
31882110
31884299
31887912
31887915
31887929
31887935
31888823
31888836
31888843
31891155
31891156
31891158
31891789
31901702
31904507
31911353
31912304
31918018
31923486
31923866
31926461
31931423
31935497
31940456
31945701
31945702
31951882
31951888
31954719
31954937
31954940
31955732
31955736
31962154
31962221
31968293
31969105
31972404
31972406
31972407
31981708
31982491
31982514
31982556
31982858
31982859
31990579
31991252
31996327
32000082
32001347
32004825
32006525
32006559
32006865
32007632
32014572
32017934
32017949
32018079
32018168
32030204
32032665
32036878
32036902
32044703
32045667
32045690
32045814
32058192
32058195
32059906
32061664
32062229
32062230
32062233
32062580
32066044
32066070
32068119
32070550
32070844
32070845
32073637
32078990
32078992
32078993
32084420
32084560
32087235
32087518
32095047
32097685
32097823
32105724
32105755
32109579
32112931
32115383
32116197
32119990
32122475
32122480
32123868
32126273
32126461
32135243
32135247
32135249
32135418
32135419
32145542
32146311
32151198
32151678
32151681
32151683
32151896
32151919
32151920
32151921
32151922
32151923
32155536
32156348
32156355
32156356
32156371
32156396
32156398
32156400
32159345
32159764
32169417
32169656
32169765
32169768
32172044
32172826
32172829
32172835
32172859
32172887
32172896
32172898
32173423
32186248
32187570
32193758
32197213
32199326
32200153
32200279
32202367
32208181
32209388
32210741
32211608
32218732
32219736
32222495
32222659
32224140
32224414
32224422
32234595
32234655
32234656
32241398
32241400
32241406
32241434
32241452
32243989
32244134
32244136
32247455
32247462
32247467
32247494
32247498
32247503
32247886
32247890
32251921
32251924
32278035
32278040
32280387
32282202
32283195
32283196
32283503
32299550
32299559
32299571
32302706
32305007
32305494
32305809
32305870
32305875
32306850
32315171
32324375
32326153
32331635
32334300
32334301
32335286
32339788
32339790
32339791
32344094
32344236
32344340
32344351
32353588
32360483
32360484
32360586
32360799
32361096
32362243
32363843
32364080
32373788
32376443
32382301
32387135
32387931
32387932
32387938
32387946
32387958
32387982
32387985
32387993
32405226
32407960
32410504
32413749
32413764
32414448
32416217
32421093
32422230
32423865
32428854
32438035
32438038
32438039
32438228
32438229
32438234
32439403
32442587
32445956
32446927
32447134
32454261
32454277
32461187
32464324
32464326
32464459
32464463
32464464
32464558
32466917
32473310
32474239
32475575
32475589
32477105
32485280
32485586
32489077
32495559
32497719
32497845
32504834
32504835
32504838
32504915
32504922
32507170
32507181
32507192
32507212
32507214
32507219
32510523
32510549
32511924
32512390
32512727
32516706
32517913
32517927
32517930
32517937
32517949
32519355
32521400
32521401
32526680
32531630
32531637
32532387
32532400
32534036
32534072
32534099
32535108
32535317
32535525
32540696
32544024
32544651
32553713
32562528
32562815
32562977
32562979
32563857
32563990
32564850
32564857
32565311
32565405
32568013
32568539
32569820
32573225
32574944
32575564
32580127
32585547
32586258
32590268
32592771
32603921
32611302
32612718
32615159
32619722
32619907
32619909
32619944
32619946
32619948
32621718
32621955
32622666
32622814
32625097
32627469
32629332
32643410
32650052
32650057
32651739
32652180
32652343
32653685
32653763
32659303
32659662
32659670
32663708
32663749
32673948
32673952
32679180
32679183
32679413
32682227
32683256
32685087
32687950
32687959
32688304
32693316
32695649
32702586
32702631
32702634
32711265
32711273
32712319
32712490
32714404
32717346
32718281
32718604
32718633
32718651
32721835
32721838
32726671
32726680
32730882
32730904
32731183
32736051
32738392
32738495
32738540
32739390
32739428
32739429
32739565
32739805
32739814
32739823
32741312
32747240
32747291
32758574
32758634
32758804
32763742
32768883
32771622
32771898
32777567
32781354
32783586
32783977
32786462
32786511
32791055
32795852
32798816
32798817
32798825
32802901
32805354
32808550
32810730
32813925
32814166
32814168
32814169
32814170
32818652
32818653
32818866
32818867
32822868
32828977
32829297
32829790
32835761
32839634
32841700
32846213
32846329
32846341
32846598
32846603
32846619
32851912
32853627
32853742
32858385
32866569
32866702
32868845
32875950
32877813
32877847
32884411
32885007
32886258
32889131
32889133
32889211
32889216
32889218
32890859
32896777
32896780
32898566
32898689
32910944
32916052
32916235
32916254
32919041
32919268
32919354
32919546
32920239
32920270
32920274
32920753
32924825
32927202
32933673
32933686
32935101
32941865
32942202
32946961
32950007
32950867
32950868
32950870
32950899
32950901
32957876
32961233
32971175
32971268
32984354
32987078
32987103
32996435
33003203
33007416
33007418
33007420
33010303
33022577
33027715
33027719
33032151
33032249
33035825
33036883
33038774
33038777
33038800
33039190
33039738
33039743
33045196
33046282
33049823
33049834
33049838
33049843
33049850
33049859
33049899
33051103
33057452
33058464
33059273
33063633
33065283
33065284
33067876
33068694
33069534
33075439
33075491
33077282
33079314
33086122
33088323
33091986
33092002
33092006
33092009
33095870
33101201
33104339
33110386
33113413
33114724
33127555
33127556
33129618
33130080
33131954
33131958
33137430
33140954
33141084
33142551
33142559
33142578
33142638
33151290
33152857
33152859
33152865
33152866
33152881
33152890
33152894
33158672
33158682
33160772
33161235
33166733
33166736
33168260
33168261
33168456
33170088
33171304
33176184
33178311
33182069
33183606
33183870
33184246
33186702
33187741
33189476
33191010
33191015
33197601
33198953
33199121
33199122
33199124
33200026
33200119
33202284
33204683
33218856
33220421
33221100
33223288
33225862
33229151
33229156
33232780
33233054
33233084
33233124
33233148
33233164
33233165
33233169
33233181
33233251
33233264
33233270
33233295
33233302
33234435
33241846
33242620
33244000
33246168
33246174
33246685
33248183
33248198
33250934
33253744
33254433
33256167
33268164
33272120
33275960
33275989
33278965
33279348
33279349
33282827
33292959
33293834
33297050
33302099
33302105
33302111
33309831
33310255
33310258
33310558
33316382
33316383
33326818
33336107
33336198
33338625
33338838
33340894
33340897
33340900
33341300
33347921
33352227
33352229
33352230
33352407
33356152
33357859
33359222
33359913
33360845
33364808
33370629
33372633
33375298
33383371
33385575
33388430
33389079
33396176
33401004
33406455
33410206
33412275
33412276
33417643
33418029
33418412
33418415
33419494
33422918
33423694
33426407
33427571
33430964
33430977
33434619
33434621
33436200
33437230
33442530
33450257
33450275
33450647
33450856
33453370
33453581
33454576
33457179
33460751
33460792
33460961
33461329
33463471
33465439
33476621
33476690
33480398
33482484
33483012
33483021
33483040
33483042
33483076
33484816
33484954
33485945
33485983
33486366
33490071
33492492
33493658
33493659
33493846
33494233
33496115
33496919
33497703
33503574
33508902
33509477
33509485
33509494
33509498
33509748
33511339
33515650
33515704
33515707
33516832
33517358
33518482
33540299
33541645
33545313
33548732
33549727
33556728
33557243
33581271
33582246
33582247
33585438
33593542
33593565
33601092
33607146
33607165
33609698
33609999
33610718
33611735
33612776
33617821
33618088
33618095
33618098
33623170
33628320
33628839
33631336
33636349
33641788
33641945
33641988
33645091
33652193
33652196
33652198
33667684
33667685
33667686
33677213
33685519
33689798
33691446
33703998
33706137
33711433
33711703
33712120
33712130
33712134
33714111
33717062
33722710
33726837
33727059
33730664
33737240
33740512
33752113
33753246
33756313
33756336
33761338
33762932
33765586
33765598
33766345
33766382
33766629
33771646
33771699
33774181
33775864
33777160
33780794
33785957
33794243
33798735
33798836
33799613
33800013
33812006
33812187
33812188
33813027
33816221
33823185
33825416
33831465
33831565
33832588
33832906
33833683
33836300
33838291
33840836
33845125
33845252
33849821
33852976
33862493
33864998
33868896
33869672
33872811
33892091
33895521
33910737
33910741
33915296
33915427
33918209
33924131
33927994
33928007
33932606
33932607
33932609
33932737
33933959
33933966
33933982
33936238
33940303
33940475
33953223
33957330
33960370
33962014
33963942
33964471
33964657
33965562
33965713
33965743
33966841
33966844
33969268
33970805
33971177
33971178
33971270
33979647
33980298
33981227
33984739
33991638
33992797
33995086
34004344
34004576
34015560
34016333
34019980
34022396
34022483
34023688
34029909
34029910
34030732
34044921
34044926
34046076
34047087
34049223
34052360
34058326
34058438
34058439
34082029
34087350
34087400
34087715
34091187
34097947
34102228
34102269
34107241
34111694
34116186
34116210
34116429
34118756
34119164
34119173
34119622
34123826
34126352
34126568
34130375
34132436
34139345
34147898
34153447
34153844
34163950
34167005
34167065
34174446
34174645
34174649
34175625
34175690
34175819
34178844
34182128
34182132
34182363
34186478
34188665
34197911
34213255
34214631
34214644
34219808
34220265
34233741
34237316
34237616
34237617
34238174
34239782
34246782
34264667
34265294
34267666
34268481
34285555
34285834
34288660
34294286
34294295
34294313
34294351
34295785
34296565
34298110
34298391
34302794
34302975
34302977
34302978
34302980
34305589
34306142
34311236
34311539
34314492
34322655
34325350
34328086
34328111
34333216
34335798
34335799
34339836
34343336
34346095
34349824
34350247
34352399
34370395
34388453
34388530
34390909
34392751
34393689
34397210
34397320
34399157
34399178
34399272
34399469
34403731
34409742
34409917
34412708
34416240
34420731
34420758
34421596
34425419
34428586
34435582
34438062
34438065
34438176
34447939
34449315
34450308
34450310
34450314
34450316
34450318
34450320
34453086
34458069
34461116
34461220
34461223
34463115
34464677
34467681
34472273
34474040
34474187
34474284
34474292
34476057
34478925
34479015
34481074
34486940
34488135
34496334
34500290
34503409
34504128
34506776
34507210
34507532
34507736
34520733
34529209
34534631
34536364
34536551
34536779
34537610
34539837
34540881
34547247
34547888
34551361
34555773
34557554
34560325
34560920
34560941
34560959
34561004
34561017
34562777
34566656
34566947
34568075
34581057
34581093
34583171
34583178
34592057
34592924
34600078
34600370
34600916
34601080
34603309
34610452
34619345
34620215
34621173
34621904
34626770
34627088
34637693
34638069
34646647
34648968
34648969
34653635
34655403
34655825
34656871
34662662
34669110
34673421
34679263
34681845
34693274
34700018
34702529
34715627
34717897
34718133
34723091
34728718
34729303
34731468
34732369
34737779
34741869
34742440
34742780
34749053
34761201
34762019
34764329
34765641
34770917
34774685
34774873
34785319
34790686
34794076
34798264
34798265
34808366
34815040
34818570
34820304
34820310
34823930
34823934
34825171
34838409
34838694
34838797
34839966
34843539
34843882
34844519
34850941
34863606
34863821
34867328
34869204
34875437
34875440
34877526
34877530
34877896
34877907
34880385
34880920
34883208
34883214
34888335
34891090
34891112
34893236
34893282
34896248
34896543
34896569
34899181
34901113
34901114
34901827
34903017
34908920
34912370
34915124
34916943
34917927
34921994
34924998
34926270
34927052
34934830
34942397
34951222
34954029
34955819
34956381
34962586
34964259
34966281
34968686
34968763
34968913
34973467
34973727
34973733
34973749
34973751
34973766
34973781
34973785
34973952
34974820
34977242
34990648
34995485
34999224
34999225
35002735
35003304
35007471
35007708
35008025
35029877
35030338
35030421
35032488
35032804
35033625
35033647
35033650
35035662
35037224
35040393
35042106
35042110
35045369
35046809
35048046
35051590
35056487
35063852
35066108
35067202
35074527
35074946
35077844
35090315
35092819
35093651
35095308
35097126
35101479
35101493
35104631
35104632
35104695
35114622
35119842
35121122
35121309
35121320
35121442
35122869
35123222
35123730
35123752
35124185
35124205
35126110
35128385
35147481
35150861
35151857
35151859
35153024
35153028
35153410
35158270
35165464
35167895
35174215
35178961
35180489
35181081
35181085
35183714
35183960
35183961
35189797
35192958
35193024
35193476
35211015
35217465
35227481
35227770
35231572
35231589
35232369
35239102
35239683
35244237
35245757
35247601
35247725
35248698
35248700
35249865
35255958
35257900
35257901
35259480
35266212
35266390
35268612
35272044
35278730
35278732
35278737
35279013
35279501
35280831
35283301
35287108
35287308
35287892
35287902
35294761
35299023
35299123
35303651
35311121
35311433
35318616
35325185
35331879
35333136
35335117
35337526
35337904
35345871
35349901
35350358
35356240
35357194
35366633
35367330
35367622
35367793
35369609
35370937
35379096
35381342
35381376
35381541
35387335
35388303
35392569
35397906
35398140
35398238
35398500
35398680
35403089
35405309
35408488
35413508
35413645
35415633
35415660
35415670
35415674
35415675
35419395
35421091
35424441
35428180
35429380
35429940
35434601
35450625
35450631
35451820
35452775
35452800
35453264
35458599
35458710
35461087
35462011
35463768
35468459
35470065
35471827
35475989
35477218
35479319
35480991
35483515
35483832
35483855
35483856
35483864
35490513
35491689
35493301
35494115
35498970
35498976
35498977
35498985
35499003
35499014
35499020
35499025
35499033
35504505
35509163
35513018
35517816
35520388
35524041
35525007
35526730
35528155
35531698
35533805
35536362
35537617
35543243
35550760
35561511
35562014
35562015
35567927
35571330
35576418
35576743
35584721
35598399
35600144
35602870
35607519
35608215
35609015
35609503
35613341
35628248
35631529
35634221
35636338
35642087
35643249
35643512
35648239
35654311
35657284
35661596
35661798
35662627
35662629
35672310
35673494
35678652
35680009
35691062
35691066
35692141
35693452
35696953
35697725
35698335
35698358
35698402
35698409
35698418
35698421
35700270
35706803
35707043
35708080
35711004
35714824
35716497
35717917
35718968
35719359
35720901
35722140
35723292
35723367
35725159
35725178
35725182
35725207
35728471
35728766
35738455
35739723
35750104
35750299
35752358
35753257
35757111
35757549
35759842
35763922
35763923
35765470
35777252
35777452
35777609
35779503
35779814
35781058
35782542
35782743
35783840
35790443
35792297
35798432
35800985
35802979
35807344
35808792
35810949
35820271
35829770
35835369
35837378
35842183
35843004
35850647
35858513
35860733
35861093
35868757
35868770
35868785
35870240
35870245
35870246
35872290
35872495
35872499
35873910
35874426
35874525
35877665
35878738
35882295
35886213
35890244
35895695
35897894
35901350
35901613
35901615
35901941
35905892
35908468
35911143
35917787
35926806
35929627
35935691
35940092
35947513
35949428
35952844
35963418
35968631
35970414
35972548
35978663
35985240
35987361
35987481
35988412
35988983
35988992
35988996
35988999
35989005
35989033
35994404
35994821
35995267
35995347
35998494
36002258
36007609
36007773
36009907
36012627
36015134
36029671
36029932
36030831
36037692
36040538
36041653
36049664
36051875
36052087
36059878
36062197
36064077
36067691
36072483
36073462
36075166
36075170
36076609
36077464
36084586
36086762
36087968
36087982
36087989
36088006
36088668
36088888
36096424
36098090
36106352
36108874
36108951
36116709
36119362
36119653
36122609
36123705
36133787
36137375
36137382
36137386
36138546
36139926
36144612
36156625
36157724
36160426
36172495
36179635
36179993
36181090
36182040
36183137
36183472
36184131
36184161
36184184
36185103
36185106
36193082
36194933
36195307
36200249
36202184
36203952
36206846
36209417
36211719
36211727
36211762
36211765
36212540
36216198
36223671
36228771
36234961
36239110
36240564
36241000
36241262
36241267
36241268
36242966
36243145
36248430
36248992
36252373
36252772
36257271
36263243
36263245
36265669
36272641
36274464
36276240
36276864
36279832
36281231
36283223
36283306
36284750
36286452
36286466
36289054
36289509
36293006
36299877
36305538
36305812
36309226
36312028
36321226
36321230
36323014
36323037
36323044
36328074
36332586
36336218
36336813
36337122
36341819
36345100
36345104
36350897
36352148
36356358
36370100
36370577
36388588
36395823
36403467
36403719
36403722
36404852
36406927
36408214
36411246
36414216
36422259
36423556
36423788
36424783
36425096
36427798
36430754
36430762
36431817
36436708
36436846
36437835
36440278
36442071
36444021
36444044
36451602
36452480
36455296
36456769
36461231
36461354
36461404
36461406
36462359
36462727
36467581
36469705
36473629
36477977
36481260
36483086
36505343
36508871
36518399
36519090
36519092
36525730
36526044
36527428
36532161
36535573
36536645
36541217
36557686
36565386
36566006
36566544
36571437
36581167
36586248
36586256
36586526
36586645
36587513
36588729
36590289
36604051
36604074
36610226
36610330
36618881
36622893
36623357
36624667
36625900
36638594
36638933
36640858
36641164
36641178
36641698
36644543
36675202
36675269
36677967
36678617
36681024
36681369
36682437
36688185
36689906
36690077
36693436
36695638
36699072
36707205
36715128
36715795
36730497
36736081
36738503
36746359
36747970
36754102
36757039
36760044
36773353
36773708
36773710
36780858
36791898
36796462
36796465
36801289
36804016
36813246
36813334
36814851
36815250
36819101
36824778
36836768
36838579
36838640
36838665
36840015
36841106
36844574
36845477
36845482
36845484
36845491
36845496
36845519
36845524
36845526
36846699
36852248
36857915
36863641
36866542
36867599
36873860
36875340
36876775
36876778
36876824
36881272
36883866
36892124
36893641
36893642
36895324
36895472
36906583
36906969
36907253
36907287
36909706
36922575
36924304
36925245
36925253
36925608
36931499
36931538
36933433
36934704
36934707
36935912
36940890
36942295
36942599
36943579
36950662
36952106
36959979
36963592
36969058
36974179
36974183
36976507
36976909
36982508
36984753
36985568
36985759
36985821
36989640
36994810
36996962
37003052
37003404
37015165
37016200
37023991
37025419
37027007
37028250
37028870
37029452
37032744
37033493
37034715
37037130
37040559
37058588
37058997
37059540
37059542
37059548
37059558
37059565
37060321
37061892
37061929
37068531
37069723
37072380
37076965
37078726
37084473
37084830
37084858
37087263
37087866
37087988
37096767
37105629
37114780
37115092
37116443
37119552
37119698
37121496
37122295
37122554
37126930
37127213
37129482
37138483
37139557
37146705
37146924
37151745
37155346
37161563
37173016
37173029
37173047
37175283
37180648
37182974
37195391
37200837
37201022
37206319
37207608
37209109
37214084
37214709
37216358
37222609
37224637
37225428
37226621
37231718
37234868
37235433
37240772
37245463
37245473
37246633
37247601
37250593
37253315
37257722
37261797
37268960
37273758
37275579
37276668
37282866
37282883
37282967
37286117
37286236
37291365
37298760
37298864
37299017
37302303
37302309
37311500
37316003
37321467
37321708
37321741
37324674
37328697
37331143
37331493
37334711
37336098
37336100
37339569
37340670
37342759
37343647
37346484
37347115
37348582
37356245
37369335
37371536
37373348
37379748
37385215
37387600
37392347
37392657
37394684
37397191
37405022
37406449
37408954
37414199
37419193
37420135
37431591
37434834
37435721
37439907
37440290
37442011
37446853
37450416
37453311
37453673
37454592
37457177
37460003
37464553
37467672
37473877
37478579
37479428
37480972
37490403
37499702
37499704
37499843
37503292
37517560
37517945
37523982
37525094
37534560
37534786
37536400
37536622
37536638
37540774
37541638
37542967
37542969
37543095
37543157
37545919
37547340
37549460
37549625
37551114
37557937
37565744
37565919
37567696
37567716
37567726
37570687
37578044
37586117
37586625
37589022
37591144
37597673
37599462
37599469
37603420
37609475
37615411
37623233
37623730
37631147
37636899
37639894
37641442
37653797
37657344
37657928
37659294
37666395
37667877
37668008
37669264
37673902
37677147
37695635
37696483
37700362
37704118
37709183
37711590
37712592
37720604
37722101
37722517
37729733
37730889
37739164
37739523
37741240
37758101
37770146
37772365
37775020
37778264
37780174
37780237
37780244
37780305
37780323
37780348
37790388
37800977
37801217
37802377
37806201
37806537
37806602
37811784
37818577
37820401
37820854
37820855
37829020
37832415
37839609
37840815
37842960
37850491
37858718
37859622
37861016
37861538
37864562
37866705
37867669
37871188
37875608
37879211
37881465
37883649
37885227
37893530
37897191
37897341
37904411
37909502
37913732
37918093
37920436
37921076
37921710
37924785
37929267
37933027
37954293
37954915
37959685
37965605
37975328
37978560
37979814
37980871
37984505
37985051
37990185
37990309
37994677
37995896
37999887
38000651
38007774
38015338
38022735
38023567
38042111
38044432
38055565
38063048
38070792
38077804
38084900
38087272
38088360
38096958
38107666
38108064
38114219
38115123
38125806
38132849
38135258
38138427
38138524
38143877
38144749
38144751
38144752
38144759
38144762
38144768
38144809
38144822
38144824
38144848
38144863
38148556
38151102
38157816
38159317
38163723
38163730
38166796
38168595
38176476
38187949
38192133
38194778
38198957
38200203
38202602
38217605
38218356
38219359
38223527
38226325
38228255
38230771
38230788
38232908
38235347
38239068
38245694
38253275
38268841
38273899
38276007
38278375
38279437
38280440
38285068
38287832
38292820
38294426
38304043
38304045
38309381
38309383
38311838
38322763
38325085
38334277
38336311
38341049
38342635
38353803
38354870
38358833
38364493
38367649
38367917
38379332
38379805
38382648
38383835
38384690
38388062
38403256
38412715
38412923
38415528
38417774
38418571
38422636
38428704
38430447
38430771
38438091
38444785
38450386
38452507
38460778
38466452
38469816
38473895
38479237
38484115
38484850
38490314
38491535
38492300
38494209
38494866
38496882
38500508
38503157
38505421
38508228
38513481
38513778
38518639
38521285
38522046
38524778
38525928
38527378
38529642
38542869
38550595
38552680
38553214
38553227
38559440
38562564
38565185
38568336
38569323
38569981
38570391
38577346
38584562
38590634
38593722
38596315
38596365
38599104
38601265
38604037
38612615
38614373
38614375
38615876
38622746
38623503
38629172
38640712
38641273
38642491
38644825
38663540
38663562
38665156
38665628
38666923
38675558
38677119
38681230
38684706
38694911
38696100
38697228
38697422
38699585
38702073
38704108
38704935
38705117
38705246
38706885
38707782
38707783
38709204
38710241
38712711
38718637
38719196
38719814
38725267
38725454
38730291
38731401
38736983
38740100
38740345
38744399
38744400
38756274
38756467
38758924
38760123
38768669
38776291
38779278
38779313
38783525
38784223
38794114
38797104
38797290
38801915
38808163
38808164
38812740
38813459
38814517
38814564
38815882
38826533
38831826
38835850
38837720
38845938
38846796
38846801
38850969
38851807
38854894
38855093
38855096
38855097
38858458
38862069
38862451
38864849
38864908
38866263
38870804
38871725
38876443
38880887
38883612
38883998
38885636
38891976
38892374
38893537
38906021
38906022
38910191
38914382
38925321
38931335
38934275
38938622
38942341
38943009
38943960
38944220
38945380
38954070
38955087
38957589
38960011
38961127
38964109
38967704
38968199
38968802
38973840
38974199
38977203
38977207
38977208
38979646
38979651
38982323
38989489
38992404
38996489
39000049
39000492
39002656
39002867
39002868
39007118
39007119
39007781
39008243
39018621
39022788
39023830
39024644
39024836
39036481
39038568
39040150
39043911
39044211
39045026
39048236
39049897
39050719
39051070
39059326
39059614
39060289
39062996
39065731
39067352
39067563
39071928
39071929
39073438
39074164
39078181
39079577
39080729
39084272
39089014
39099944
39101323
39103028
39111557
39121120
39125853
39128366
39134188
39134728
39138333
39139493
39142538
39145086
39147486
39147995
39149067
39154038
39169082
39170458
39171898
39173004
39179017
39179054
39180771
39181283
39182703
39184337
39185308
39193538
39198075
39208266
39209080
39211764
39216375
39216837
39216838
39221239
39225201
39226643
39229611
39229615
39232546
39233923
39234111
39236935
39241083
39241972
39243619
39243913
39249658
