7498160
9046085
9169866
9399804
9467951
9847146
10024174
10480913
10592186
10592187
10781556
11096087
11125055
11483584
11752257
11752258
11758914
12073322
12073326
12192594
12196633
12519985
12673624
12695322
12796304
12826619
12855456
12953057
14586471
14645503
14681421
14681481
14751964
15019783
15153302
15186494
15583838
15608219
15647300
15952726
16362910
16367759
16381903
16381907
16381908
16381920
16507110
16705013
16855292
17001629
17065467
17077099
17101051
17142221
17344234
17373854
17428342
17435240
17982175
18000002
18562252
19272921
19273534
19401402
19577472
19906697
20157474
20221640
20507581
21176163
21303550
21411447
21595960
21755532
21815093
21901739
22110037
22188458
22280404
22318478
22426491
22434826
22434830
22434836
23203989
23396302
23487186
23842463
23874379
23958656
24265222
24374639
24558267
24993029
25052702
25550042
25707592
25997651
26460164
26530046
26578556
26628751
26631123
26631124
26631125
26631126
26631132
26767846
26989152
27252399
27688070
28087673
28365719
28365727
28451979
28878201
29140510
29688362
29761454
30031471
30305653
30715275
30715277
31612944
32128557
32559296
32796563
33491328
33677561
34897464
35380658
36607068
37062912
37511103
38273672
