19910364
19965774
20565937
20870759
20939882
20972220
21062814
21062823
21097890
21177655
21627820
22009675
22140104
22282518
22649659
23047557
23180790
23193264
23281739
23323543
23622142
23657089
23845781
23973299
24157205
24167589
24204679
24259429
24267917
24373910
24452952
24595908
24758303
24788388
25141181
25143824
25200684
25243066
25267795
25351144
25398906
25487201
25494997
25576648
25712092
25780509
25889517
25897398
25960871
25960936
25977796
26020526
26148611
26217690
26217800
26359667
26380270
26450948
26473045
26484193
26484233
26582915
26615191
26666442
26732614
26848255
26858973
26895947
26919036
26981374
26981413
27007913
27054154
27058504
27077079
27153614
27175015
27293630
27307639
27366785
27449127
27508121
27605102
27659943
27867804
27905880
27942904
27955616
28013273
28018951
28038678
28066713
28111364
28130229
28180085
28201982
28251419
28369246
28410921
28449062
28535296
28540358
28594819
28605765
28626637
28672765
28736700
28736702
28748209
28755232
28765829
28771471
28794989
28811656
28856099
28868134
28932683
28955706
28961713
28979763
28983310
29033909
29064471
29124095
29155236
29167815
29188438
29214201
29216377
29338812
29410955
29495525
29526484
29541659
29546367
29587634
29617938
29620920
29628922
29636099
29769016
29855493
29876410
29876418
29876460
29900229
29900238
29900293
29915597
29930324
29931218
29936185
29945233
29955109
30018876
30026912
30075240
30113026
30165105
30166985
30202647
30225310
30229028
30250277
30277515
30286803
30338276
30413482
30422394
30450395
30452944
30502597
30519242
30541556
30581925
30590391
30619224
30624648
30697483
30719568
30761333
30864322
30923646
30942868
30954723
30958695
31035191
31077317
31110304
31114675
31128262
31194082
31198993
31205988
31210271
31223636
31223638
31225863
31260856
31261372
31294068
31321265
31329826
31372445
31388525
31397305
31424527
31475743
31485990
31487093
31504157
31516938
31527408
31551084
31595646
31638221
31663680
31667217
31667281
31667309
31672284
31673575
31689559
31700124
31703353
31703556
31728526
31744903
31763390
31778140
31788515
31809632
31818304
31832531
31855752
31871968
31871974
31871999
31890783
31909107
31921518
31956680
31967986
31970271
31978081
31979280
31988713
31993465
31993470
32020836
32029861
32033529
32050897
32071998
32099874
32099884
32101292
32102090
32140464
32140513
32154830
32181313
32200043
32213716
32215305
32219145
32315544
32326022
32376697
32377730
32382617
32382622
32395590
32490079
32490096
32509472
32532247
32566706
32577459
32635168
32637504
32637510
32637513
32642521
32642742
32682179
32685638
32694937
32699811
32710499
32764205
32766702
32848176
32864105
32883210
32904294
32923549
32936424
32969666
33008298
33014054
33026576
33031625
33047065
33072827
33081269
33084526
33096147
33133423
33134450
33194423
33208452
33221926
33225029
33246212
33299551
33328476
33336875
33364592
33391248
33399824
33407622
33408124
33411719
33446233
33446303
33452484
33472984
33475133
33490329
33500552
33515237
33537377
33568057
33602143
33659287
33726811
33826634
33841014
33914028
33917982
34048573
34136593
34150961
34189969
34249347
34287005
34297428
34298860
34315525
34316681
34329437
34336713
34338959
34372509
34379632
34398234
34458528
34465944
34469540
34484161
34485523
34485644
34489462
34495702
34544477
34595290
34604480
34611536
34615898
34654819
34657565
34698960
34708677
34751796
34756116
34765707
34788801
34835376
34839022
34850094
34901349
34915282
34937174
34953464
34956324
35037198
35119362
35167588
35235154
35242906
35244718
35311151
35315792
35330736
35340265
35378223
35380861
35491231
35499050
35506038
35510263
35513264
35515981
35544170
35556129
35560008
35572792
35573303
35609994
35632735
35647232
35664653
35683012
35686590
35688049
35701667
35708766
35761299
35762793
35818355
35832621
35864873
35875563
35898864
35951371
35972890
36007182
36075321
36092920
36113023
36130056
36135198
36159649
36159873
36297184
36299497
36367311
36381539
36381540
36401317
36415484
36420082
36420083
36420084
36420085
36420086
36420087
36425971
36426016
36426064
36467626
36483477
36506715
36533293
36541761
36554499
36569535
36569538
36582993
36591378
36632172
36644785
36652461
36687154
36694664
36710917
36741799
36760510
36778366
36814720
36851611
36871385
36875219
36897930
36915638
36936673
36936675
36942092
36945541
36964264
37006386
37009556
37009557
37021003
37033411
37043910
37118713
37133542
37208728
37232385
37275138
37307951
37311148
37315831
37339120
37346927
37363058
37365587
37373133
37376667
37387170
37399026
37399829
37415451
37416067
37497030
37503235
37517677
37519893
37521443
37539569
37584775
37589141
37627729
37666207
37767677
37784104
37803424
37806351
37816854
37917105
37941997
38006557
38012774
38020423
38020430
38025724
38028148
38035280
38042037
38047014
38059001
38072142
38075604
38077312
38135391
38144399
38195986
38211899
38214524
38215769
38224718
38229927
38268025
38283948
38296899
38314912
38316555
38317726
38328300
38330385
38356701
38370021
38389957
38440141
38521360
38533114
38550232
38615000
38645108
38647358
38648091
38648214
38656600
38675452
38686458
38704476
38712252
38714217
38714517
38741934
38755321
38803428
38861092
38868390
38873640
38979227
39006349
39008997
39046787
39107520
39172818
39209459
39234066
39245152
