22870228
23396489
23884657
24109929
24772218
24827998
24889866
24997477
25028781
25151504
25414001
25490189
25739345
25753955
26203066
26337765
26348233
26473782
26576732
26619259
26639025
26835491
26847203
26848523
27056901
27257542
27393347
27778090
27991677
28458602
28641043
28706887
28872634
28921170
28925987
29047035
29167275
29205011
29218894
29262648
29287026
29336922
29350403
29356028
29407999
29434275
29660595
29708200
29789422
29794239
29871933
29907888
29924716
29934058
29941397
29993848
30017173
30060575
30064916
30270031
30294726
30362117
30369010
30387384
30619764
30660472
30661193
30712604
30730765
30806479
30809047
31037246
31040006
31064950
31074592
31150499
31206948
31215432
31274206
31281082
31366173
31375452
31405148
31406570
31425802
31514128
31529236
31546124
31548344
31623683
31637430
31641134
31704598
31732521
31754877
31795520
31797610
31824982
31834820
32002635
32025804
32079590
32096876
32102334
32120229
32128809
32144457
32151995
32162004
32206688
32239241
32241714
32277478
32287288
32339097
32368718
32392097
32417712
32418343
32420549
32457827
32479186
32521049
32523380
32548300
32556864
32560494
32600353
32619927
32657426
32705083
32706862
32749075
32842065
32909115
32943420
33019619
33052913
33148663
33176026
33197531
33202038
33202055
33205130
33212885
33235265
33330847
33334576
33428651
33482430
33485591
33512852
33515086
33521638
33554314
33594993
33595105
33615222
33664111
33681459
33747910
33795526
33804433
33816228
33827490
33848780
33849483
33874734
33887763
33895621
33927922
33937809
33947697
33954225
33955777
33983887
34058719
34079707
34092240
34109488
34123789
34136814
34145374
34219704
34231950
34272388
34296969
34382117
34409295
34502160
34557418
34587001
34587294
34629823
34652289
34663762
34671557
34764084
34771562
34783576
34797702
34868946
34872823
35067940
35111665
35116535
35174074
35260710
35262202
35264303
35284257
35286501
35292076
35326626
35341713
35362172
35386727
35406449
35454365
35500994
35572597
35600083
35738057
35741689
35760886
35777079
35814414
35862326
35905276
35918336
35927323
36008356
36064979
36143416
36169904
36177018
36184494
36203393
36238609
36271000
36279873
36295874
36334033
36397666
36414086
36452488
36505004
36513760
36520179
36568232
36586494
36597144
36605558
36641470
36644636
36682051
36682111
36727079
36735704
36758241
36769108
36774484
36779997
36781589
36793772
36796177
36828962
36869574
36871547
36910615
36920557
36976403
37029643
37080171
37120101
37150779
37171485
37222312
37244146
37295902
37298307
37370621
37371390
37434241
37435222
37443585
37473589
37504815
37508774
37553486
37576091
37587819
37626590
37638470
37695786
37711809
37740534
37752910
37760146
37773310
37809854
37815256
37817774
37819900
37861556
37876961
37894430
37923988
37938247
37939920
37972417
37985024
38062431
38074629
38083903
38111796
38179201
38194161
38215256
38238098
38240671
38253989
38254203
38255770
38273278
38279111
38305277
38305926
38308030
38308230
38339364
38343263
38346111
38352184
38362943
38376454
38381384
38397931
38410136
38429796
38436405
38438336
38453791
38457959
38463348
38484698
38537607
38538287
38554673
38561648
38571894
38589742
38613653
38627678
38636408
38644430
38653593
38653782
38715952
38720384
38729970
38775670
38789970
38819266
38824087
38838558
38841440
38844842
38855330
38859600
38867035
38896238
38909269
38937115
38948050
38964985
38977616
38995493
39022267
39030882
39061755
39067707
39125543
39200111
39206620
39218938
39243024
39246716
