14681372
14681408
15036160
15044231
15087318
15089749
15174122
15262818
15556482
15588483
15608167
15608168
15608177
15608192
15608201
15608241
15706513
15707838
15723693
15888679
15905273
15941742
15960829
15961444
15966823
15972001
15980514
15980580
16085453
16091411
16221310
16221976
16267085
16343463
16381842
16381854
16381865
16381869
16381875
16381884
16381922
16381935
16409628
16435372
16442574
16461708
16475191
16478941
16500937
16512918
16522855
16536867
16539733
16551660
16556315
16563002
16597248
16644790
16644792
16672244
16749920
16776838
16789911
16796757
16799122
16835884
16845026
16845114
16857057
16858731
17007068
17088284
17099230
17135198
17135200
17135204
17142227
17142230
17181854
17202162
17379688
17400476
17407547
17409069
17430575
17487271
17493288
17498622
17517783
17544465
17560012
17565583
17572364
17598909
17626621
17644818
17676474
17678535
17680692
17683567
17825976
17876297
17897448
17923450
17931421
17932066
17945017
17962309
17977882
17980028
17982175
17984082
17986457
17986464
17993668
18032434
18045787
18047706
18058819
18158299
18172926
18175334
18184688
18203177
18219596
18219698
18261033
18273808
18287689
18385152
18390879
18400082
18434342
18442990
18449486
18460185
18463136
18471875
18483079
18562252
18586742
18593596
18653520
18665624
18772154
18772155
18811932
18836194
18842639
18856072
18922149
18931379
18948278
18949709
18950477
18957448
18981050
19004875
19011751
19015774
19033273
19036790
19075934
19084081
19091018
19144180
19150987
19151352
19156839
19159482
19173310
19194785
19208617
19297349
19351029
19358201
19383706
19406928
19420058
19425142
19426475
19435877
19445703
19454601
19465397
19494185
19662629
19706733
19740416
19755543
19758467
19758470
19758473
19796402
19808808
19828077
19843607
19864252
19891767
19900969
19906693
19906717
19912666
19920991
19933159
19948758
19965766
20006477
20043185
20064877
20118117
20134069
20157357
20158875
20167389
20202206
20222972
20299327
20383329
20405959
20433739
20439314
20444687
20444873
20482638
20497999
20498514
20516600
20526637
20630940
20649951
20671204
20671979
20704011
20838664
20841840
20952400
20959292
21030460
21051339
21052677
21058336
21059217
21059604
21062816
21063943
21067619
21071417
21071420
21078314
21082425
21082430
21097881
21122150
21143789
21143796
21216786
21237294
21253872
21279997
21300622
21310745
21320317
21325203
21332983
21337516
21356090
21364823
21414988
21423406
21447597
21478197
21480434
21489225
21533146
21546552
21569281
21585656
21603879
21605354
21619611
21622654
21646335
21676196
21700957
21706160
21707958
21712192
21729556
21732419
21757464
21785143
21788307
21798209
21810206
21858146
21858205
21867782
21894910
21904054
21920474
21926439
21927545
21932440
21940779
21982513
21993301
22027861
22035036
22035094
22046435
22053087
22067098
22075996
22080553
22102581
22102589
22102590
22110029
22110033
22110036
22121219
22121228
22123736
22125771
22127870
22135297
22139914
22144685
22174266
22199232
22210871
22224429
22258663
22284344
22298953
22310480
22327647
22373409
22409323
22416037
22419887
22422702
22426468
22434837
22438877
22465017
22493523
22496884
22505418
22533924
22544604
22555647
22573317
22629208
22638578
22649669
22685075
22693439
22702658
22737123
22737589
22747785
22759651
22771766
22807454
22821596
22827839
22833525
22859749
22880060
22907298
22908957
22923302
22928724
22931563
22937112
22940202
22945787
22962482
22962947
22964612
23011004
23028496
23055621
23055624
23056405
23065207
23091487
23126227
23130888
23136609
23152915
23153308
23161558
23161681
23164661
23175606
23178820
23180791
23193256
23193261
23193296
23203869
23203986
23205526
23210603
23230445
23276153
23279114
23280100
23282026
23286986
23296536
23300156
23327938
23369200
23374008
23376398
23377019
23424109
23433509
23484105
23499669
23514099
23536820
23537399
23586525
23613707
23625438
23629695
23637705
23667450
23731334
23734176
23737737
23766369
23770269
23770588
23796494
23815411
23815589
23828785
23841069
23844161
23850873
23920358
23935056
23945046
23951226
23958731
23962656
24002012
24007624
24055722
24064416
24065691
24067102
24088582
24091296
24143170
24155256
24156242
24174544
24178989
24200960
24201223
24233781
24234439
24251114
24253302
24253303
24267665
24270792
24280648
24288371
24295495
24295685
24297172
24315640
24316579
24319146
24330193
24364385
24369854
24410907
24427321
24453961
24480169
24508333
24530880
24533037
24560896
24579871
24581802
24584870
24586563
24622611
24638105
24641996
24644084
24646163
24651374
24690273
24719775
24758925
24769191
24781426
24799331
24813445
24825613
24829452
24848695
24857970
24863754
24890864
24891291
24891442
24904534
24908513
24911789
24923819
24926996
24941002
24947666
24957044
24980186
25015319
25016117
25033262
25052095
25052702
25054331
25057096
25089180
25097468
25101098
25109467
25122463
25135787
25143953
25172451
25190158
25191648
25192892
25196235
25212755
25216150
25233094
25246432
25281820
25300481
25307260
25309320
25313161
25326082
25330111
25344771
25348399
25348405
25361972
25371010
25375764
25378336
25379569
25385083
25392693
25393112
25393771
25398609
25414324
25414345
25428351
25429972
25433560
25437899
25465051
25468063
25534081
25539834
25544857
25547411
25560987
25564293
25566273
25570082
25570084
25578647
25580831
25607546
25608448
25617734
25634685
25655323
25656309
25669158
25670805
25685613
25712690
25725059
25748338
25765346
25772061
25785712
25789152
25794277
25803897
25812041
25826798
25833953
25845596
25852707
25855811
25871919
25883154
25887266
25888481
25900361
25901324
25921073
25925572
25931458
25935546
25938435
25944503
25953496
25972767
25974132
25981408
25990726
26009844
26017115
26020061
26042526
26088053
26091106
26092861
26098630
26100720
26108102
26156581
26157443
26187044
26216070
26217706
26255383
26273833
26284514
26306634
26316313
26318087
26322068
26328761
26354261
26359664
26369404
26388980
26423722
26424259
26432833
26438538
26455268
26456402
26495291
26503432
26507856
26519182
26519399
26522591
26529321
26538599
26543083
26547437
26569054
26582918
26586801
26643760
26673716
26674271
26680505
26689283
26698226
26731728
26743509
26770072
26787467
26789269
26801957
26803880
26819472
26819569
26832667
26840176
26846621
26862559
26870056
26873783
26882245
26896845
26900164
26919708
26943824
26956848
26957115
26970862
26980520
26986070
26989148
27007913
27010333
27010673
27011302
27020369
27020565
27022157
27032500
27035874
27043825
27045824
27049044
27052996
27059017
27074889
27077085
27087309
27089366
27105969
27107812
27131377
27143170
27153712
27153729
27167912
27190285
27230105
27233742
27236156
27256315
27272007
27273451
27284084
27288903
27296299
27297221
27301377
27318187
27332861
27334475
27336623
27357839
27380722
27432485
27437396
27467751
27472010
27476034
27487824
27490490
27524303
27547241
27559295
27565741
27570672
27576557
27582590
27589953
27589963
27596405
27602567
27636733
27663376
27667388
27678249
27686671
27699475
27736745
27749924
27760563
27763502
27764234
27765050
27788396
27812926
27830171
27844001
27857150
27858775
27882067
27889600
27892693
27894340
27899574
27899622
27902695
27903894
27905517
27906200
27910954
27915054
27921079
27927232
27936623
27957775
27959818
27975225
27984824
28000080
28025334
28034364
28039103
28046012
28056497
28061743
28077336
28101936
28119059
28135340
28139703
28145583
28150232
28150240
28152595
28158294
28158609
28159896
28160722
28179135
28228093
28232898
28234929
28235135
28246461
28248113
28248990
28250404
28283358
28292250
28292252
28306188
28326674
28334201
28334231
28334741
28347864
28348820
28352576
28365736
28365737
28377874
28381244
28383659
28410377
28412848
28420927
28435106
28452122
28466035
28478602
28489284
28529709
28531225
28551118
28573593
28578658
28580409
28582757
28583090
28592293
28597165
28615994
28617227
28620417
28640309
28651575
28659188
28675715
28684341
28694066
28708831
28716134
28748187
28780227
28812349
28814265
28826663
28841984
28867663
28874672
28881966
28891285
28933120
28934823
28937665
28940959
28946642
28948099
28968795
28974379
28976980
28980073
29016222
29023571
29027968
29035686
29036270
29036616
29036719
29040681
29040693
29043108
29046143
29047041
29062051
29072073
29083911
29084576
29098713
29110697
29111117
29111295
29128919
29136215
29136216
29136219
29144439
29155419
29197136
29202576
29209284
29216772
29220476
29245059
29249532
29250823
29256074
29298677
29298680
29320688
29321980
29322779
29332190
29333230
29408997
29423898
29425356
29430700
29472600
29490010
29495554
29497025
29529024
29540862
29545737
29577850
29580501
29581927
29599790
29600655
29674052
29718451
29725682
29728040
29733966
29745830
29749232
29757587
29761469
29787565
29788290
29797222
29802697
29872447
29883746
29892802
29893426
29908248
29927080
29931246
29947803
29963814
29983616
29989085
29990711
30009563
30030164
30030814
30053238
30053269
30054492
30058361
30059215
30092360
30096176
30113617
30122878
30123928
30148031
30171158
30175261
30201055
30209998
30210791
30219714
30219840
30228952
30244278
30255817
30259409
30260558
30267552
30272209
30284721
30284821
30294796
30296899
30314705
30317159
30323214
30329070
30337583
30338024
30338299
30342477
30367568
30371819
30380112
30395283
30395287
30395289
30398471
30400856
30400957
30407590
30418645
30445541
30453875
30456248
30456249
30456272
30463528
30466862
30481282
30558213
30572838
30574164
30574705
30576490
30581775
30599943
30622682
30624648
30625417
30635085
30647681
30666241
30668671
30671125
30697164
30698741
30705313
30709396
30720953
30728021
30733650
30733978
30772397
30805646
30809242
30831305
30840782
30865381
30873536
30902682
30908064
30910579
30937429
30942866
30943284
30943406
30952254
30976033
30993211
30999249
31011484
31025073
31026733
31032837
31040227
31090331
31091262
31091666
31122257
31130917
31130983
31137226
31156443
31159293
31162876
31162914
31163073
31173061
31180067
31183817
31187710
31192369
31211131
31215361
31236561
31271010
31273784
31302158
31311948
31330849
31333719
31343690
31344481
31345222
31346498
31359993
31382538
31392336
31406507
31409288
31425920
31426352
31443634
31452138
31452820
31470601
31484923
31494112
31494441
31504173
31505194
31518731
31528640
31541106
31581775
31589072
31594914
31602464
31606900
31614716
31618524
31619732
31623626
31625464
31629694
31640560
31649924
31665454
31673248
31681806
31688925
31697319
31698161
31699050
31700262
31701143
31714757
31725778
31734319
31736878
31738435
31741150
31741225
31759178
31763485
31788200
31791530
31809939
31816600
31824949
31843688
31847093
31853511
31864285
31867866
31870226
31912584
31912881
31915450
31921949
31924745
31927932
31933406
31944606
31944984
31965890
31972421
31981617
32006274
32013248
32020890
32037968
32058707
32076423
32080254
32085885
32085886
32092871
32095047
32095361
32103780
32143571
32156071
32183712
32186761
32207419
32213996
32214222
32237396
32240523
32245406
32246368
32281057
32297315
32305736
32307863
32309231
32331690
32334148
32337573
32367111
32368089
32372055
32375319
32394607
32399560
32405168
32422998
32426435
32448122
32448450
32469073
32470107
32488600
32489064
32501003
32525872
32531499
32549361
32557393
32569553
32579606
32582787
32596611
32599715
32602905
32611314
32625394
32626709
32626724
32643448
32658730
32661202
32662094
32685638
32695335
32696395
32700107
32713858
32716361
32748987
32766270
32766279
32771965
32782427
32822829
32838727
32859984
32864374
32882275
32904810
32908258
32912683
32920753
32928063
32931955
32933468
32937025
32941621
32963574
32965048
32967423
32993843
32994678
32998977
33002111
33006577
33013757
33028893
33054771
33057076
33064752
33066015
33068406
33081330
33091578
33101346
33104802
33116744
33119734
33121134
33126073
33147627
33149305
33149734
33153809
33159586
33164395
33168057
33173716
33174598
33176685
33179204
33186792
33191068
33196841
33204683
33207974
33209684
33212503
33214771
33230158
33237286
33237313
33243703
33247215
33255942
33262894
33269341
33299459
33299870
33309620
33310018
33311987
33319247
33323103
33336944
33346495
33350195
33350196
33356465
33362220
33367853
33370713
33374651
33381562
33401808
33413105
33445429
33452891
33459767
33480079
33482803
33490239
33493588
33502607
33521021
33528696
33539887
33555556
33569462
33575553
33579086
33582105
33588349
33598454
33617675
33623529
33629311
33645092
33645094
33648490
33659368
33669861
33677561
33686858
33705979
33706959
33724838
33730076
33737204
33739402
33788829
33793664
33807583
33815556
33816940
33821964
33848237
33849821
33871739
33922641
33925812
33928602
33933383
33945888
33948968
33972020
33994377
33995920
34003248
34012873
34023895
34035828
34036803
34037687
34039407
34046162
34048569
34056027
34056598
34056901
34063878
34077310
34081107
34086076
34090339
34090527
34117303
34118055
34147618
34149342
34173104
34174811
34177403
34192315
34194533
34211578
34213197
34224905
34228733
34236030
34237287
34254458
34258243
34270056
34271250
34273999
34275445
34296561
34298739
34306143
34310239
34322690
34324967
34337031
34352070
34353038
34368825
34388601
34393424
34393772
34402286
34430441
34433832
34435752
34443592
34447396
34464701
34468194
34490009
34490209
34495310
34509645
34517652
34537052
34539968
34544414
34547999
34554248
34574245
34582218
34586352
34601431
34606614
34621817
34624539
34650613
34658353
34660782
34679164
34683363
34688246
34690752
34692826
34707348
34711189
34718696
34723319
34729303
34731090
34732312
34738404
34738437
34738438
34747465
34754315
34755880
34773550
34773964
34783172
34783553
34786609
34791357
34791846
34792345
34795371
34805401
34812003
34825015
34830173
34838520
34850134
34850820
34851722
34855377
34858181
34867874
34871295
34877576
34884870
34886864
34887905
34895309
34897841
34899944
34904916
34922181
34938107
34944482
34981765
34986599
34990986
34994135
34999124
35014203
35023107
35027934
35029893
35035498
35042800
35049101
35054899
35069791
35073957
35097126
35101570
35127768
35133942
35136386
35138649
35147109
35148171
35154344
35165464
35170400
35178414
35197821
35216237
35228806
35232369
35236260
35248586
35249865
35269930
35275927
35281791
35286768
35289936
35303006
35316277
35317323
35325185
35327169
35347967
35360826
35372826
35377953
35378831
35380657
35387592
35392176
35411389
35423607
35441674
35442463
35445695
35467101
35478448
35490253
35496477
35510223
35531270
35531702
35532924
35536812
35561170
35562847
35566021
35568115
35577096
35580044
35583534
35586859
35604553
35609995
35610035
35610668
35615908
35631773
35656322
35656340
35662454
35663320
35685792
35693711
35704881
35720023
35730236
35734581
35741655
35766999
35772910
35801913
35835221
35837376
35846107
35855804
35866805
35875687
35889060
35889976
35890244
35935691
35939435
35946602
35949491
35951173
35956926
35960090
35967373
35977575
35986525
35992596
35996691
36002304
36006987
36037171
36044942
36046450
36046907
36059967
36071733
36074804
36088080
36093186
36105222
36111624
36117506
36119362
36119373
36124803
36131344
36133785
36140713
36152875
36156627
36160389
36161854
36171889
36174933
36181090
36183137
36186422
36189278
36192624
36193154
36199288
36224608
36233276
36243970
36247894
36251466
36254030
36264351
36270466
36276466
36286492
36300618
36303547
36304287
36304300
36304314
36304324
36304335
36317085
36317244
36326469
36329825
36330419
36330452
36339536
36362121
36362148
36364100
36369630
36379385
36401413
36408920
36415206
36417598
36420896
36421284
36422985
36424782
36440359
36451386
36451445
36452059
36453423
36465646
36482625
36484092
36484697
36499586
36533174
36535003
36548962
36570897
36577773
36593766
36607403
36625169
36626124
36626454
36679917
36699391
36700097
36711967
36718848
36725269
36730497
36749277
36765497
36776141
36778155
36787478
36789294
36793356
36798013
36798590
36803762
36809921
36813111
36819710
36824506
36830638
36836696
36837545
36846000
36846049
36847572
36851756
36869962
36871493
36872431
36912607
36917599
36921582
36925608
36926275
36928431
36936371
36942621
36943033
36972929
36977777
36980356
37000070
37010519
37016293
37016525
37022217
37064977
37066296
37070125
37072380
37082000
37086911
37091737
37118964
37146081
37151482
37153415
37166431
37173739
37194023
37194792
37200837
37204693
37219573
37235433
37237758
37238213
37255004
37275247
37280269
37291365
37301379
37327214
37329812
37356897
37359723
37359784
37359785
37377794
37384305
37394881
37401369
37403397
37407598
37416640
37437243
37440518
37445918
37448673
37463796
37469733
37470023
37478218
37505128
37509576
37519023
37525031
37529040
37540795
37543793
37545650
37545696
37547722
37561162
37569188
37569821
37576538
37580703
37589022
37596303
37599112
37608602
37622324
37625584
37629105
37635943
37642808
37643320
37644107
37665456
37670341
37670944
37673902
37693569
37694373
37723861
37728997
37747012
37747786
37760618
37762071
37767023
37771150
37773290
37781633
37786872
37791887
37797915
37799407
37812997
37834239
37835845
37856620
37860271
37867262
37871661
37871808
37878810
37880927
37881887
37883761
37883768
37894966
37897686
37904411
37917740
37928321
37929726
37933027
37933859
37956324
37957850
37957903
37960769
37961642
37977136
37978560
37981113
37986321
37990309
37991247
37993103
37994376
37995287
38000129
38000392
38002041
38007798
38014076
38014080
38020152
38027498
38033385
38034660
38040737
38044297
38045331
38050297
38065256
38071409
38088969
38098593
38103340
38104050
38106655
38111731
38122964
38123026
38130879
38156953
38159819
38160579
38161428
38173876
38176651
38178349
38180447
38183701
38185715
38191579
38195472
38197203
38199208
38200084
38206953
38213249
38218503
38230442
38237665
38238389
38245694
38256255
38259869
38262929
38266864
38280988
38283072
38285683
38310691
38318169
38321199
38327876
38344069
38345567
38352114
38357349
38377393
38377663
38381509
38383603
38388005
38388812
38401450
38415058
38434631
38443785
38454587
38459275
38461175
38468234
38472014
38478130
38481549
38485793
38491038
38491248
38495582
38502854
38508305
38518018
38532297
38535861
38539193
38542393
38547837
38549014
38558980
38559361
38565409
38597606
38612446
38638178
38640300
38642121
38655474
38661004
38666913
38668762
38672238
38672513
38673927
38683078
38683079
38683095
38696100
38701256
38703550
38704249
38709204
38721398
38728062
38728503
38732022
38735878
38742951
38747341
38756679
38757315
38770635
38775337
38778969
38782098
38787076
38803272
38809833
38810119
38814227
38841174
38844754
38863529
38871725
38883612
38884942
38887929
38888487
38895466
38896352
38900499
38903736
38916610
38924612
38932209
38937673
38940182
38948505
38950810
38952705
38960474
38962403
38975221
38987231
38995532
39001776
39006307
39010181
39014261
39037979
39043981
39053808
39067563
39078795
39091841
39092005
39092007
39093800
39094861
39099944
39125368
39135888
39138333
39149067
39149264
39150804
39160492
39169954
39170292
39172982
39184831
39185763
39192324
39194960
39195461
39201423
39202333
39205203
39206635
39220380
39224509
39233898
39235252
39249658
