11125056
11137018
11667947
11747821
12519966
14614147
14653817
14681445
14755119
15350198
15374875
15383839
15489327
15489338
15608221
15759617
15804834
15805498
15826643
15865318
16232125
16381915
16988424
17099225
17099234
17134503
17319737
17850180
17991679
18023127
18428753
18428757
18629098
18653799
19099578
19144180
19181841
19420058
19481506
19622167
19728285
19910365
20178641
20507581
20614604
20836076
21543339
21595960
21602919
21633941
22067452
22280404
22326070
22614838
22772596
23160413
23173093
23203989
23586691
23638006
23800452
24058818
24194605
24694239
25070993
25157073
25368915
25845596
25866556
25888240
26094768
26423964
26578572
27259664
27259971
27531719
27589961
27618863
27899279
28349111
28513076
28553317
29069413
29523070
29722207
29761466
29761467
30213854
30217796
30228197
30242011
30287474
30580409
30715275
30942676
31207388
31371406
31517492
31552661
31642470
31744903
32024661
32185395
32489524
32527260
32550373
32550381
32550480
32559296
32977830
33278605
33709540
33787871
33871732
33884078
34102068
35134929
35380658
35631011
35663412
35814290
36118367
37450404
37924155
38008112
38573366
39072810
39087205
